0.000442
0.001195
0.001949
0.002755
0.003543
0.004263
0.005231
0.005970
0.003826
0.003813
0.004245
0.004617
0.005058
0.005515
0.005893
0.006336
0.003763
0.003505
0.003738
0.003996
0.004133
0.004367
0.004585
0.004625
0.004794
0.005251
0.005391
0.005638
0.005807
0.005743
0.006119
0.005857
0.005145
0.003854
0.003698
0.003619
0.003691
0.003817
0.003856
0.004024
0.004108
0.004086
0.004464
0.004417
0.004554
0.004543
0.004644
0.004727
0.004961
0.005030
0.005244
0.005470
0.005476
0.005631
0.005522
0.005884
0.005661
0.005998
0.005740
0.006034
0.006001
0.006539
0.005528
0.005588
0.005215
0.005304
0.004465
0.004577
0.003760
0.003421
0.003513
0.003776
0.003640
0.003704
0.003748
0.003855
0.004067
0.004011
0.004062
0.004156
0.004067
0.004103
0.004374
0.004160
0.004782
0.004428
0.004505
0.004427
0.004413
0.004690
0.004699
0.004812
0.004911
0.004788
0.004706
0.004893
0.004901
0.004970
0.005300
0.005076
0.004962
0.005110
0.005171
0.005299
0.005660
0.005318
0.005574
0.005454
0.005647
0.005644
0.005912
0.005692
0.005748
0.005635
0.005844
0.005919
0.006237
0.006070
0.006046
0.006148
0.006254
0.006535
0.006359
0.006086
0.005913
0.005604
0.005289
0.005784
0.005391
0.005316
0.004996
0.004983
0.004825
0.004663
0.004981
0.004463
0.003886
0.003912
0.003657
0.003555
0.003592
0.003624
0.003941
0.003802
0.003782
0.003743
0.003808
0.003744
0.003854
0.003888
0.003858
0.004312
0.004085
0.004044
0.003825
0.003973
0.004043
0.004042
0.004001
0.004513
0.004192
0.004163
0.004174
0.004173
0.004219
0.004259
0.004287
0.004765
0.004333
0.004222
0.004352
0.004348
0.004320
0.004408
0.004785
0.004504
0.004471
0.004655
0.004644
0.004636
0.004544
0.004660
0.004936
0.004812
0.004685
0.004748
0.004797
0.004843
0.004872
0.005243
0.004679
0.004883
0.004714
0.004830
0.004911
0.005315
0.004995
0.004971
0.005173
0.005018
0.004921
0.005172
0.005501
0.005279
0.005068
0.005146
0.005209
0.005427
0.005795
0.005288
0.005526
0.005450
0.005345
0.005363
0.005696
0.005570
0.005409
0.005476
0.005700
0.005583
0.005943
0.005487
0.005547
0.005596
0.005637
0.005578
0.005930
0.005823
0.005679
0.005725
0.005847
0.005883
0.006363
0.006228
0.005921
0.005916
0.005960
0.006219
0.006055
0.005973
0.006076
0.006187
0.006157
0.006941
0.006184
0.005900
0.006009
0.006101
0.006355
0.005867
0.005838
0.005568
0.005332
0.005538
0.005891
0.005322
0.005260
0.005157
0.005138
0.004881
0.005227
0.004921
0.004693
0.004591
0.004764
0.004666
0.004741
0.004851
0.004686
0.004655
0.004685
0.004345
0.004873
0.004559
0.004882
0.004496
0.004108
0.003864
0.003672
0.003717
0.003661
0.003772
0.003747
0.004246
0.003793
0.003840
0.003720
0.003707
0.003757
0.003735
0.003746
0.003881
0.004240
0.003797
0.003907
0.003893
0.003806
0.003843
0.003943
0.003818
0.004163
0.004002
0.003926
0.003845
0.003850
0.003923
0.003980
0.003982
0.004155
0.004337
0.003942
0.003940
0.003965
0.004026
0.004053
0.004025
0.004342
0.004291
0.004184
0.004214
0.004246
0.004183
0.004087
0.004159
0.004353
0.004292
0.004243
0.004189
0.004318
0.004292
0.004153
0.004306
0.004329
0.004554
0.004339
0.004311
0.004414
0.004345
0.004369
0.004428
0.004905
0.004385
0.004529
0.004346
0.004532
0.004461
0.004449
0.004834
0.004662
0.004631
0.004508
0.004539
0.004473
0.004499
0.004796
0.005004
0.004672
0.004547
0.004605
0.004616
0.004622
0.004751
0.004971
0.004692
0.004607
0.004651
0.004679
0.004765
0.004639
0.005094
0.005000
0.004763
0.004706
0.004863
0.004789
0.004892
0.005363
0.004935
0.004774
0.004879
0.004742
0.005005
0.005248
0.004990
0.005062
0.005027
0.004947
0.004904
0.004959
0.005356
0.004985
0.004930
0.004993
0.004944
0.005049
0.005097
0.005581
0.010136
0.018307
0.008272
0.012836
0.013138
0.006438
0.016010
0.017848
0.005263
0.005105
0.005207
0.005239
0.005476
0.005237
0.005157
0.005396
0.005246
0.005393
0.005336
0.005796
0.005611
0.005288
0.005339
0.005449
0.005379
0.006010
0.005360
0.005359
0.005315
0.005520
0.005506
0.005430
0.005589
0.005362
0.005551
0.005491
0.005552
0.005743
0.005452
0.005448
0.005529
0.005732
0.005490
0.005881
0.005497
0.005617
0.005524
0.005422
0.005579
0.005666
0.005658
0.005719
0.005515
0.005640
0.005732
0.005578
0.005707
0.005648
0.005713
0.005777
0.005970
0.005834
0.005711
0.005775
0.005725
0.005829
0.005802
0.005954
0.005867
0.005855
0.005958
0.005942
0.005976
0.006019
0.005952
0.005934
0.005979
0.006113
0.006104
0.005854
0.005958
0.006034
0.006065
0.006310
0.006093
0.006043
0.005907
0.005902
0.006124
0.006133
0.006087
0.006383
0.005978
0.005888
0.006299
0.006208
0.005644
0.005773
0.005993
0.006010
0.005918
0.005397
0.005452
0.005420
0.005551
0.005557
0.005738
0.005299
0.005335
0.005361
0.005139
0.005349
0.005404
0.005278
0.005293
0.004950
0.005262
0.005097
0.005208
0.005141
0.005094
0.004946
0.004978
0.004992
0.004859
0.005163
0.004857
0.004694
0.004850
0.004976
0.004838
0.005143
0.004967
0.004773
0.004811
0.004954
0.004771
0.004742
0.005017
0.004939
0.004841
0.004873
0.004780
0.004823
0.004763
0.004915
0.004635
0.004498
0.004650
0.004586
0.004577
0.004495
0.004569
0.004465
0.004380
0.004207
0.004186
0.003992
0.004077
0.003931
0.003883
0.003988
0.003997
0.003889
0.003833
0.003861
0.003925
0.003888
0.003789
0.004289
0.003707
0.003649
0.003753
0.003780
0.003761
0.003749
0.003794
0.003994
0.003915
0.003779
0.003870
0.003776
0.003741
0.003775
0.003817
0.003761
0.003968
0.003891
0.003886
0.003848
0.003771
0.003805
0.003859
0.003864
0.003821
0.004119
0.003866
0.003842
0.003862
0.003838
0.003822
0.003967
0.003877
0.004154
0.004321
0.003967
0.003968
0.004039
0.003924
0.003837
0.003930
0.003947
0.004189
0.003984
0.003921
0.004002
0.004026
0.004134
0.004045
0.004048
0.004275
0.004028
0.004165
0.004068
0.004044
0.004053
0.004151
0.004141
0.004444
0.004126
0.004062
0.004009
0.004200
0.004147
0.004144
0.004174
0.004280
0.004330
0.004188
0.004176
0.004125
0.004200
0.004232
0.004167
0.004381
0.004153
0.004120
0.004214
0.004078
0.004156
0.004190
0.004123
0.004551
0.004271
0.004253
0.004280
0.004237
0.004304
0.004184
0.004396
0.004703
0.004241
0.004252
0.004344
0.004185
0.004277
0.004438
0.004613
0.004512
0.004419
0.004323
0.004412
0.004457
0.004307
0.004339
0.004812
0.004366
0.004388
0.004355
0.004495
0.004367
0.004330
0.004637
0.004446
0.004432
0.004390
0.004542
0.004477
0.004421
0.004555
0.004901
0.004466
0.004435
0.004473
0.004449
0.004420
0.004624
0.004806
0.004442
0.004412
0.004467
0.004577
0.004433
0.004540
0.004793
0.004961
0.004605
0.004499
0.004577
0.004528
0.004681
0.004645
0.004780
0.004442
0.004570
0.004666
0.004642
0.004580
0.004628
0.004947
0.004592
0.004663
0.004687
0.004648
0.004571
0.004715
0.005090
0.004602
0.004708
0.004632
0.004687
0.004700
0.004693
0.004888
0.004752
0.004711
0.004695
0.004704
0.004806
0.004817
0.004963
0.004810
0.004829
0.004786
0.004877
0.004772
0.004808
0.004991
0.004927
0.004743
0.004942
0.004715
0.004970
0.004761
0.005139
0.004943
0.004855
0.004798
0.004888
0.004976
0.005244
0.004924
0.004876
0.004960
0.004910
0.004859
0.004799
0.005269
0.005138
0.004894
0.005035
0.004951
0.005051
0.004952
0.005601
0.004844
0.004925
0.004934
0.005035
0.004907
0.005213
0.005166
0.004936
0.004993
0.004919
0.005049
0.004999
0.005472
0.005113
0.005002
0.005056
0.005113
0.005046
0.005270
0.005160
0.005040
0.005111
0.005069
0.005247
0.005015
0.005605
0.005240
0.005150
0.005178
0.005083
0.005093
0.005299
0.005232
0.005128
0.005271
0.005163
0.005384
0.005294
0.005618
0.005148
0.005264
0.005003
0.005174
0.005216
0.005802
0.005289
0.005320
0.005144
0.005280
0.005238
0.005791
0.005423
0.005333
0.005358
0.005305
0.005277
0.005490
0.005504
0.005343
0.005360
0.005308
0.005407
0.005303
0.005702
0.005347
0.005449
0.005451
0.005383
0.005450
0.005570
0.005358
0.005583
0.005384
0.005352
0.005358
0.005588
0.005465
0.005492
0.005613
0.005472
0.005407
0.005949
0.005527
0.005363
0.005590
0.005461
0.005436
0.005758
0.005549
0.005478
0.005680
0.005491
0.005442
0.005827
0.005487
0.005503
0.005568
0.005682
0.005543
0.006073
0.005678
0.005649
0.005627
0.005813
0.005744
0.005937
0.005691
0.005636
0.005567
0.005517
0.005870
0.005815
0.005748
0.005734
0.005589
0.005577
0.006071
0.005640
0.005553
0.005740
0.005643
0.005693
0.006154
0.005823
0.005707
0.005666
0.005797
0.005739
0.006072
0.005624
0.005860
0.005865
0.005854
0.005915
0.006065
0.005686
0.005849
0.005840
0.005842
0.006199
0.005675
0.005867
0.006025
0.005824
0.005947
0.006161
0.005864
0.005980
0.005793
0.005917
0.006310
0.005944
0.005915
0.005881
0.005770
0.005802
0.006171
0.005894
0.005860
0.006040
0.005827
0.005827
0.006319
0.005986
0.006032
0.006068
0.006082
0.006460
0.005999
0.006000
0.006017
0.006072
0.005997
0.006064
0.006151
0.005960
0.005968
0.006065
0.006248
0.005892
0.006050
0.006000
0.006009
0.006211
0.006308
0.006159
0.006347
0.006153
0.006109
0.006743
0.006408
0.006181
0.006285
0.006102
0.006528
0.006205
0.006350
0.006163
0.006253
0.006410
0.006273
0.006122
0.006156
0.006209
0.006059
0.006863
0.006254
0.006201
0.006213
0.006217
0.006481
0.006247
0.006003
0.006109
0.005970
0.006598
0.006491
0.005984
0.005929
0.005926
0.005993
0.006547
0.006198
0.005936
0.005884
0.006038
0.006382
0.005885
