0.000122
0.000136
0.000147
0.000151
0.000156
0.000158
0.000162
0.000164
0.000180
0.000171
0.000172
0.000172
0.000177
0.000176
0.000195
0.000182
0.000181
0.000181
0.000183
0.000233
0.000194
0.000189
0.000191
0.000188
0.000208
0.000196
0.000199
0.000199
0.000197
0.000212
0.000209
0.000208
0.000204
0.000213
0.000222
0.000203
0.000205
0.000208
0.000257
0.000209
0.000213
0.000209
0.000209
0.000229
0.000223
0.000212
0.000219
0.000231
0.000228
0.000226
0.000253
0.000475
0.000389
0.000435
0.000361
0.000375
0.000458
0.000379
0.000363
0.000293
0.000260
0.000245
0.000249
0.000247
0.000234
0.000236
0.000290
0.000237
0.000255
0.000242
0.000244
0.000269
0.000292
0.000258
0.000253
0.000260
0.000309
0.000269
0.000259
0.000282
0.000262
0.000251
0.000256
0.000313
0.000247
0.000247
0.000249
0.000262
0.000239
0.000256
0.000252
0.000273
0.000253
0.000245
0.000244
0.000270
0.000266
0.000273
0.000364
0.000284
0.000272
0.000277
0.000257
0.000262
0.000259
0.000318
0.000303
0.000285
0.000321
0.000336
0.000327
0.000398
0.000361
0.000349
0.000356
0.000308
0.000297
0.000300
0.000274
0.000270
0.000292
0.000270
0.000304
0.000281
0.000299
0.000267
0.000270
0.000344
0.000284
0.000270
0.000281
0.000317
0.000363
0.000495
0.000416
0.000467
0.000361
0.000347
0.000377
0.000338
0.000320
0.000367
0.000325
0.000323
0.000334
0.000306
0.000301
0.000399
0.000344
0.000364
0.000409
0.000362
0.000386
0.000365
0.000428
0.000573
0.000858
0.000839
0.000611
0.000559
0.000427
0.000437
0.000375
0.000443
0.000786
0.000665
0.000587
0.000479
0.000451
0.000444
0.000496
0.000421
0.000432
0.000406
0.000392
0.000381
0.000358
0.000395
0.000411
0.000391
0.000489
0.000376
0.000388
0.000372
0.000365
0.000380
0.000358
0.000360
0.000337
0.000355
0.000372
0.000440
0.000370
0.000410
0.000462
0.000492
0.000418
0.000422
0.000391
0.000388
0.000368
0.000364
0.000430
0.000368
0.000372
0.000382
0.000364
0.000411
0.000404
0.000418
0.000450
0.000468
0.000621
0.000481
0.000460
0.000429
0.000459
0.000429
0.000515
0.000450
0.000537
0.000545
0.000658
0.000604
0.000519
0.000615
0.000797
0.001242
0.001111
0.000958
0.000751
0.000586
0.000568
0.000525
0.000468
0.000494
0.000445
0.000416
0.000499
0.000498
0.000649
0.000550
0.000653
0.000812
0.000766
0.000663
0.000727
0.000790
0.000795
0.000796
0.000773
0.000748
0.000659
0.000557
0.000545
0.000490
0.000679
0.000740
0.000733
0.000703
0.000585
0.000523
0.000697
0.000683
0.000775
0.000775
0.000852
0.000766
0.000670
0.000590
0.000577
0.000504
0.000651
0.000819
0.000988
0.001417
0.001416
0.001092
0.000762
0.000715
0.000730
0.000783
0.000696
0.000613
0.000578
0.000572
0.000582
0.000643
0.000674
0.000570
0.000584
0.000539
0.000560
0.000531
0.000558
0.000671
0.000586
0.000687
0.000649
0.000580
0.000542
0.000581
0.000518
0.000513
0.000483
0.000509
0.000491
0.000588
0.000557
0.000606
0.000540
0.000510
0.000539
0.000623
0.000658
0.000655
0.000588
0.000605
0.000625
0.000608
0.000605
0.000552
0.000576
0.000527
0.000547
0.000540
0.000571
0.000693
0.001302
0.001500
0.000947
0.000760
0.000676
0.000618
0.000634
0.000706
0.000750
0.000752
0.000722
0.000738
0.000719
0.000786
0.000703
0.000684
0.000752
0.000766
0.000646
0.000630
0.000667
0.000654
0.000698
0.000709
0.000641
0.000731
0.000664
0.000829
0.000830
0.000802
0.000771
0.000711
0.000895
0.000814
0.000785
0.000776
0.000758
0.000728
0.000688
0.000876
0.000745
0.000846
0.001831
0.001467
0.001308
0.000739
0.000769
0.000819
0.000777
0.000821
0.000710
0.000732
0.000851
0.000822
0.000904
0.000840
0.000890
0.000814
0.000878
0.000810
0.000763
0.000739
0.000819
0.000747
0.000824
0.000937
0.000849
0.000902
0.000895
0.000843
0.000946
0.000759
0.000829
0.000742
0.000733
0.000655
0.000661
0.000726
0.000691
0.000709
0.000676
0.000898
0.001009
0.001526
0.001179
0.000790
0.000678
0.000641
0.000654
0.000673
0.000660
0.000713
0.000710
0.000770
0.000783
0.000853
0.000711
0.000647
0.000617
0.000696
0.000639
0.000630
0.000680
0.000640
0.000657
0.000682
0.000624
0.000768
0.000697
0.000746
0.000701
0.000664
0.000705
0.000643
0.000656
0.000698
0.000695
0.000681
0.000762
0.000690
0.000645
0.000626
0.000658
0.000617
0.000681
0.000743
0.000823
0.000920
0.001339
0.001462
0.001071
0.000782
0.000771
0.000705
0.000662
0.000677
0.000751
0.000789
0.000914
0.000797
0.000729
0.000675
0.000646
0.000743
0.000731
0.000673
0.000673
0.000680
0.000707
0.000694
0.000735
0.000767
0.000771
0.000708
0.000729
0.000715
0.000705
0.000716
0.000719
0.000766
0.000727
0.000681
0.000674
0.000717
0.000719
0.000740
0.000781
0.000812
0.000737
0.000802
0.001550
0.001371
0.001065
0.000765
0.000758
0.000838
0.000729
0.000770
0.000873
0.000776
0.000817
0.000775
0.000746
0.000772
0.000695
0.000694
0.000688
0.000672
0.000662
0.000723
0.000670
0.000713
0.000780
0.000743
0.000831
0.000759
0.000722
0.000692
0.000687
0.000744
0.000739
0.000760
0.000751
0.000771
0.000732
0.000700
0.000809
0.000934
0.000851
0.000759
0.000910
0.001042
0.001525
0.001149
0.000878
0.000785
0.000726
0.000717
0.000928
0.000926
0.000828
0.000789
0.000790
0.000825
0.000766
0.000716
0.000773
0.000767
0.000790
0.000729
0.000709
0.000863
0.000918
0.000920
0.000778
0.000787
0.000719
0.000723
0.000784
0.000725
0.000767
0.000791
0.000764
0.000791
0.000790
0.000808
0.000764
0.000726
0.000758
0.000841
0.000829
0.000940
0.001350
0.001548
0.001048
0.000844
0.000817
0.000776
0.000754
0.000800
0.000793
0.000790
0.000863
0.000813
0.000750
0.000751
0.000811
0.000810
0.000812
0.000854
0.000787
0.000784
0.000805
0.000758
0.000810
0.000776
0.000768
0.000776
0.000714
0.000738
0.000765
0.000800
0.000876
0.000838
0.000891
0.000853
0.000853
0.000759
0.000790
0.000813
0.000806
0.001092
0.001566
0.001307
0.001134
0.000923
0.000829
0.000785
0.000722
0.000815
0.000869
0.000947
0.000835
0.000813
0.000849
0.000789
0.000760
0.000850
0.000849
0.000831
0.000789
0.000776
0.000783
0.000786
0.000867
0.000761
0.000795
0.000756
0.000942
0.000926
0.001034
0.001007
0.000875
0.000855
0.000791
0.000832
0.000900
0.000828
0.000968
0.001462
0.001361
0.001317
0.000918
0.000812
0.000791
0.000932
0.000899
0.000911
0.000894
0.000943
0.000926
0.000820
0.000803
0.000868
0.000906
0.000840
0.000797
0.000833
0.000813
0.000883
0.000934
0.000840
0.000841
0.000786
0.000789
0.000808
0.000884
0.000838
0.000903
0.000956
0.000836
0.000798
0.000789
0.000921
0.000908
0.001544
0.002088
0.001325
0.001086
0.000988
0.000917
0.000872
0.000873
0.000935
0.000931
0.001114
0.001150
0.001272
0.001040
0.001081
0.000926
0.001164
0.001064
0.001054
0.001110
0.001101
0.001023
0.000901
0.001306
0.001131
0.000984
0.001319
0.001074
0.001039
0.001369
0.002832
0.002934
0.001116
0.001021
0.001409
0.001331
0.001064
0.001065
0.000991
0.000867
0.000882
0.000915
0.000931
0.000932
0.000898
0.000908
0.001004
0.000985
0.001013
0.000908
0.000968
0.000921
0.000929
0.000919
0.000962
0.000934
0.000911
0.000918
0.001087
0.001297
0.001584
0.001333
0.000993
0.001034
0.001102
0.000973
0.000938
0.000968
0.000923
0.000910
0.001013
0.000892
0.000862
0.001019
0.000922
0.000878
0.001046
0.000996
0.000967
0.000919
0.000919
0.000901
0.000990
0.001017
0.000984
0.000885
0.000976
0.001021
0.000954
0.000925
0.000939
0.000982
0.001004
0.001146
0.001722
0.001379
0.000960
0.000954
0.001029
0.000975
0.000998
0.001041
0.000981
0.000882
0.000915
0.001011
0.001008
0.000959
0.000970
0.000907
0.001000
0.000983
0.000886
0.000906
0.000870
0.000901
0.000836
0.000955
0.000985
0.000946
0.000892
0.000880
0.000894
0.000954
0.000957
0.000994
0.001169
0.002088
0.001417
0.001282
0.001018
0.000973
0.000951
0.000992
0.000984
0.000971
0.000931
0.000928
0.000974
0.001143
0.001127
0.001724
0.001259
0.001226
0.001253
0.001246
0.001364
0.001276
0.001132
0.001152
0.001174
0.001088
0.001165
0.001079
0.001323
0.001801
0.001799
0.001327
0.001151
0.001114
0.001167
0.001233
0.001183
0.001167
0.000978
0.000973
0.001276
0.001492
0.001523
0.001398
0.002107
0.002041
0.001982
0.002288
0.001810
0.001619
0.002450
0.002807
0.002037
0.001648
0.002211
0.001527
0.001831
0.002081
0.001828
0.001624
0.001168
0.001194
0.001442
0.001175
0.001072
0.001197
0.001218
0.001278
0.001195
0.001100
0.001069
0.001495
0.002434
0.001622
0.001683
0.001254
0.001437
0.001594
0.001806
0.002133
0.001180
0.001183
0.001287
0.001217
0.001273
0.001356
0.001208
0.001186
0.001680
0.001598
0.001295
0.001236
0.001239
0.001254
0.001256
0.002300
0.002128
0.001292
0.001088
0.001092
0.001261
0.001289
0.001144
0.001310
0.001132
0.001265
0.001115
0.001141
0.001087
0.001104
0.000948
0.001095
0.001585
0.001094
0.001071
0.001052
0.001404
0.001040
0.000991
0.000945
0.000991
0.001177
0.001834
0.001727
0.001113
0.000923
0.000933
0.000888
0.000853
0.001056
0.001112
0.001089
0.001008
0.000962
0.001007
0.000914
0.000927
0.000925
0.000993
0.000970
0.000887
0.000920
0.001008
0.000995
0.000916
0.000925
0.000978
0.000912
0.000915
0.000918
0.000990
0.000945
0.000918
0.001008
0.001301
0.002084
0.001347
0.000969
0.001063
0.000981
0.000954
0.000959
0.000947
0.001053
0.001058
0.000958
0.000946
0.000868
0.000898
0.000843
0.001018
0.000932
0.000962
0.000947
0.000998
0.000962
0.000988
0.000960
0.000941
0.000997
0.000931
