0.000348
0.000325
0.000285
0.000380
0.000314
0.000314
0.000390
0.000418
0.000468
0.000333
0.000363
0.000408
0.000486
0.000465
0.000439
0.000397
0.000379
0.000390
0.000340
0.000412
0.000351
0.000366
0.000393
0.000388
0.000404
0.000414
0.000426
0.000503
0.000423
0.000467
0.000440
0.000465
0.000427
0.000452
0.000404
0.000402
0.000435
0.000417
0.000455
0.000416
0.000460
0.000436
0.000427
0.000448
0.000441
0.000459
0.000458
0.000490
0.000467
0.000478
0.000467
0.000505
0.000490
0.000536
0.000594
0.000520
0.000555
0.000569
0.000514
0.000564
0.000522
0.000581
0.000538
0.000543
0.000580
0.000550
0.000548
0.000522
0.000599
0.000568
0.000550
0.000583
0.000543
0.000567
0.000615
0.000813
0.000977
0.000905
0.000781
0.000732
0.000606
0.000600
0.000593
0.000567
0.000604
0.000561
0.000602
0.000700
0.000609
0.000651
0.000645
0.000670
0.000764
0.000643
0.000495
0.000500
0.000489
0.000506
0.000497
0.000502
0.000500
0.000538
0.000493
0.000515
0.000529
0.000502
0.000532
0.000513
0.000574
0.000524
0.000557
0.000528
0.000588
0.000591
0.000580
0.000589
0.000566
0.000587
0.000544
0.000539
0.000550
0.000530
0.000593
0.000531
0.000554
0.000529
0.000571
0.000551
0.000543
0.000595
0.000603
0.000714
0.000712
0.000584
0.000564
0.000637
0.000602
0.000568
0.000506
0.000507
0.000480
0.000551
0.000530
0.000486
0.000508
0.000524
0.000512
0.000541
0.000497
0.000532
0.000499
0.000559
0.000503
0.000528
0.000486
0.000529
0.000502
0.000501
0.000508
0.000542
0.000508
0.000509
0.000545
0.000546
0.000507
0.000552
0.000504
0.000505
0.000505
0.000519
0.000513
0.000556
0.000509
0.000530
0.000491
0.000513
0.000481
0.000533
0.000502
0.000532
0.000499
0.000563
0.000505
0.000518
0.000499
0.000520
0.000519
0.000517
0.000501
0.000556
0.000508
0.000508
0.000502
0.000607
0.000678
0.000801
0.000597
0.000627
0.000657
0.000614
0.000645
0.000552
0.000572
0.000518
0.000523
0.000504
0.000507
0.000519
0.000587
0.000561
0.000563
0.000682
0.000582
0.000549
0.000545
0.000514
0.000559
0.000535
0.000528
0.000521
0.000533
0.000522
0.000537
0.000527
0.000597
0.000537
0.000524
0.000548
0.000506
0.000530
0.000527
0.000567
0.000526
0.000538
0.000544
0.000554
0.000523
0.000541
0.000522
0.000579
0.000551
0.000532
0.000533
0.000524
0.000540
0.000506
0.000527
0.000511
0.000519
0.000493
0.000519
0.000495
0.000525
0.000504
0.000762
0.000653
0.000603
0.000556
0.000539
0.000530
0.000530
0.000509
0.000532
0.000507
0.000522
0.000499
0.000529
0.000497
0.000534
0.000507
0.000549
0.000512
0.000517
0.000526
0.000497
0.000536
0.000497
0.000526
0.000483
0.000503
0.000508
0.000565
0.000511
0.000529
0.000569
0.000533
0.000552
0.000532
0.000542
0.000503
0.000512
0.000514
0.000545
0.000505
0.000511
0.000498
0.000496
0.000492
0.000521
0.000515
0.000517
0.000519
0.000509
0.000509
0.000499
0.000513
0.000501
0.000547
0.000495
0.000519
0.000558
0.000515
0.000534
0.000505
0.000540
0.000506
0.000538
0.000523
0.000553
0.000539
0.000595
0.000549
0.000545
0.000564
0.000527
0.000537
0.000503
0.000525
0.000501
0.000519
0.000490
0.000549
0.000508
0.000512
0.000528
0.000527
0.000530
0.000514
0.000575
0.000504
0.000525
0.000516
0.000534
0.000522
0.000537
0.000532
0.000514
0.000525
0.000524
0.000541
0.000517
0.000527
0.000553
0.000513
0.000552
0.000504
0.000526
0.000500
0.000521
0.000511
0.000525
0.000504
0.000521
0.000511
0.000519
0.000502
0.000521
0.000504
0.000586
0.000552
0.000525
0.000528
0.000519
0.000526
0.000506
0.000549
0.000521
0.000537
0.000514
0.000527
0.000525
0.000580
0.000809
0.000795
0.000596
0.000696
0.000574
0.000528
0.000533
0.000512
0.000575
0.000526
0.000537
0.000557
0.000535
0.000536
0.000533
0.000646
0.000540
0.000555
0.000519
0.000553
0.000525
0.000581
0.000532
0.000567
0.000573
0.000532
0.000539
0.000541
0.000541
0.000514
0.000530
0.000520
0.000537
0.000523
0.000550
0.000528
0.000540
0.000571
0.000514
0.000534
0.000508
0.000531
0.000525
0.000534
0.000516
0.000565
0.000526
0.000536
0.000536
0.000516
0.000528
0.000526
0.000544
0.000515
0.000529
0.000523
0.000558
0.000533
0.000557
0.000659
0.000882
0.000629
0.000609
0.000582
0.000557
0.000530
0.000585
0.000511
0.000534
0.000527
0.000544
0.000510
0.000534
0.000511
0.000580
0.000531
0.000549
0.000544
0.000526
0.000542
0.000526
0.000558
0.000522
0.000539
0.000522
0.000523
0.000548
0.000545
0.000553
0.000537
0.000545
0.000527
0.000558
0.000558
0.000539
0.000567
0.000541
0.000586
0.000581
0.000551
0.000560
0.000542
0.000560
0.000549
0.000529
0.000541
0.000517
0.000537
0.000509
0.000558
0.000520
0.000543
0.000515
0.000528
0.000515
0.000530
0.000549
0.000518
0.000529
0.000529
0.000618
0.000608
0.000712
0.000642
0.000560
0.000576
0.000565
0.000543
0.000538
0.000521
0.000544
0.000531
0.000561
0.000520
0.000548
0.000535
0.000530
0.000554
0.000541
0.000552
0.000544
0.000542
0.000533
0.000542
0.000533
0.000523
0.000564
0.000514
0.000523
0.000516
0.000546
0.000523
0.000534
0.000514
0.000559
0.000522
0.000539
0.000630
0.000631
0.000610
0.000562
0.000550
0.000584
0.000539
0.000541
0.000541
0.000545
0.000572
0.000544
0.000553
0.000525
0.000548
0.000521
0.000545
0.000532
0.000574
0.000542
0.000525
0.000538
0.000526
0.000649
0.000615
0.000839
0.000617
0.000606
0.000549
0.000565
0.000543
0.000561
0.000620
0.000642
0.000555
0.000567
0.000556
0.000548
0.000568
0.000526
0.000577
0.000531
0.000542
0.000540
0.000541
0.000573
0.000537
0.000558
0.000541
0.000525
0.000535
0.000536
0.000546
0.000531
0.000570
0.000527
0.000549
0.000541
0.000535
0.000530
0.000524
0.000564
0.000540
0.000549
0.000536
0.000553
0.000537
0.000551
0.000560
0.000545
0.000538
0.000528
0.000567
0.000518
0.000542
0.000528
0.000578
0.000534
0.000526
0.000543
0.000539
0.000547
0.000586
0.000853
0.000688
0.000614
0.000575
0.000564
0.000532
0.000570
0.000532
0.000541
0.000518
0.000566
0.000536
0.000550
0.000610
0.000536
0.000562
0.000571
0.000545
0.000541
0.000546
0.000585
0.000538
0.000550
0.000549
0.000528
0.000547
0.000522
0.000564
0.000513
0.000538
0.000527
0.000541
0.000521
0.000538
0.000547
0.000535
0.000563
0.000530
0.000537
0.000510
0.000535
0.000531
0.000592
0.000564
0.000580
0.000548
0.000561
0.000539
0.000539
0.000569
0.000557
0.000535
0.000554
0.000534
0.000537
0.000543
0.000551
0.000550
0.000584
0.000676
0.000637
0.000687
0.000613
0.000588
0.000611
0.000555
0.000566
0.000554
0.000558
0.000570
0.000547
0.000592
0.000568
0.000576
0.000560
0.000533
0.000562
0.000531
0.000566
0.000532
0.000549
0.000541
0.000538
0.000546
0.000525
0.000590
0.000539
0.000556
0.000528
0.000551
0.000556
0.000546
0.000582
0.000543
0.000554
0.000551
0.000565
0.000587
0.000553
0.000583
0.000550
0.000560
0.000558
0.000562
0.000565
0.000545
0.000563
0.000548
0.000555
0.000531
0.000548
0.000539
0.000533
0.000570
0.000531
0.000561
0.000546
0.000609
0.000667
0.000640
0.000662
0.000654
0.000576
0.000597
0.000533
0.000558
0.000543
0.000556
0.000572
0.000559
0.000573
0.000534
0.000564
0.000578
0.000555
0.000589
0.000547
0.000576
0.000560
0.000585
0.000569
0.000548
0.000613
0.000561
0.000565
0.000573
0.000547
0.000553
0.000555
0.000613
0.000556
0.000559
0.000552
0.000549
0.000555
0.000537
0.000567
0.000542
0.000555
0.000565
0.000544
0.000575
0.000578
0.000548
0.000592
0.000545
0.000548
0.000563
0.000576
0.000615
0.000603
0.000570
0.000578
0.000552
0.000584
0.000619
0.000590
0.000838
0.000766
0.000672
0.000615
0.000575
0.000549
0.000589
0.000574
0.000566
0.000578
0.000564
0.000581
0.000575
0.000634
0.000561
0.000538
0.000560
0.000547
0.000550
0.000540
0.000591
0.000553
0.000543
0.000582
0.000553
0.000557
0.000551
0.000563
0.000566
0.000547
0.000566
0.000557
0.000571
0.000564
0.000536
0.000561
0.000541
0.000562
0.000557
0.000557
0.000562
0.000555
0.000611
0.000560
0.000567
0.000564
0.000545
0.000549
0.000552
0.000620
0.000552
0.000554
0.000576
0.000560
0.000558
0.000540
0.000592
0.000667
0.000642
0.000662
0.000672
0.000594
0.000607
0.000565
0.000582
0.000566
0.000547
0.000558
0.000548
0.000579
0.000591
0.000575
0.000586
0.000558
0.000584
0.000559
0.000645
0.000598
0.000568
0.000564
0.000543
0.000571
0.000578
0.000589
0.000610
0.000599
0.000579
0.000574
0.000566
0.000602
0.000550
0.000549
0.000565
0.000540
0.000558
0.000562
0.000572
0.000552
0.000544
0.000559
0.000546
0.000559
0.000581
0.000618
0.000553
0.000571
0.000544
0.000562
0.000548
0.000575
0.000571
0.000557
0.000577
0.000554
0.000579
0.000650
0.000640
0.000734
0.000636
0.000603
0.000598
0.000558
0.000569
0.000600
0.000545
0.000562
0.000547
0.000572
0.000551
0.000582
0.000593
0.000567
0.000586
0.000550
0.000571
0.000563
0.000558
0.000598
0.000565
0.000575
0.000558
0.000559
0.000567
0.000566
0.000557
0.000545
0.000594
0.000558
0.000554
0.000544
0.000543
0.000557
0.000566
0.000639
0.000595
0.000574
0.000555
0.000625
0.000608
0.000567
0.000591
0.000568
0.000590
0.000583
0.000668
0.000640
0.000632
0.000570
0.000606
0.000580
0.000590
0.000627
0.000786
0.000736
0.000658
0.000647
0.000611
0.000587
0.000570
0.000650
0.000581
0.000583
0.000622
0.000557
0.000644
0.000642
0.000564
0.000577
0.000576
0.000547
0.000556
0.000589
0.000556
0.000570
0.000542
0.000553
0.000544
0.000559
0.000602
0.000584
0.000583
