0.000057
0.000042
0.000042
0.000043
0.000042
0.000051
0.000044
0.000043
0.000043
0.000044
0.000044
0.000045
0.000042
0.000056
0.000046
0.000043
0.000045
0.000042
0.000041
0.000045
0.000041
0.000042
0.000041
0.000042
0.000040
0.000043
0.000044
0.000044
0.000041
0.000040
0.000046
0.000043
0.000040
0.000042
0.000041
0.000041
0.000043
0.000042
0.000043
0.000041
0.000042
0.000041
0.000042
0.000042
0.000044
0.000042
0.000043
0.000043
0.000043
0.000042
0.000042
0.000042
0.000043
0.000044
0.000045
0.000043
0.000041
0.000046
0.000055
0.000043
0.000041
0.000044
0.000039
0.000046
0.000043
0.000042
0.000040
0.000041
0.000042
0.000042
0.000040
0.000043
0.000043
0.000042
0.000042
0.000042
0.000044
0.000041
0.000043
0.000046
0.000053
0.000042
0.000046
0.000040
0.000042
0.000043
0.000043
0.000042
0.000040
0.000043
0.000042
0.000043
0.000045
0.000042
0.000042
0.000044
0.000042
0.000043
0.000043
0.000043
0.000045
0.000040
0.000041
0.000072
0.000044
0.000061
0.000046
0.000041
0.000044
0.000042
0.000045
0.000041
0.000042
0.000040
0.000047
0.000042
0.000043
0.000043
0.000042
0.000042
0.000042
0.000042
0.000043
0.000043
0.000043
0.000060
0.000047
0.000044
0.000045
0.000044
0.000042
0.000044
0.000042
0.000041
0.000042
0.000045
0.000041
0.000044
0.000043
0.000041
0.000042
0.000043
0.000043
0.000045
0.000042
0.000044
0.000044
0.000057
0.000043
0.000043
0.000043
0.000039
0.000043
0.000043
0.000040
0.000042
0.000044
0.000041
0.000042
0.000044
0.000044
0.000040
0.000042
0.000042
0.000044
0.000041
0.000041
0.000041
0.000048
0.000040
0.000055
0.000043
0.000042
0.000043
0.000045
0.000041
0.000042
0.000046
0.000043
0.000043
0.000040
0.000042
0.000042
0.000043
0.000042
0.000043
0.000043
0.000044
0.000042
0.000042
0.000042
0.000043
0.000039
0.000082
0.000042
0.000044
0.000041
0.000042
0.000045
0.000042
0.000041
0.000043
0.000042
0.000043
0.000040
0.000040
0.000043
0.000045
0.000043
0.000040
0.000044
0.000044
0.000041
0.000041
0.000042
0.000065
0.000041
0.000044
0.000043
0.000044
0.000041
0.000042
0.000043
0.000045
0.000042
0.000041
0.000043
0.000041
0.000039
0.000040
0.000043
0.000042
0.000043
0.000044
0.000042
0.000042
0.000042
0.000073
0.000043
0.000043
0.000044
0.000045
0.000044
0.000041
0.000041
0.000040
0.000040
0.000042
0.000041
0.000043
0.000042
0.000042
0.000041
0.000042
0.000043
0.000044
0.000041
0.000043
0.000042
0.000065
0.000041
0.000043
0.000041
0.000042
0.000042
0.000042
0.000043
0.000042
0.000043
0.000042
0.000043
0.000039
0.000044
0.000043
0.000042
0.000045
0.000041
0.000043
0.000042
0.000041
0.000043
0.000043
0.000073
0.000045
0.000042
0.000044
0.000042
0.000040
0.000043
0.000042
0.000041
0.000045
0.000043
0.000044
0.000042
0.000044
0.000042
0.000043
0.000044
0.000042
0.000043
0.000042
0.000041
0.000041
0.000053
0.000043
0.000043
0.000043
0.000042
0.000040
0.000041
0.000042
0.000041
0.000041
0.000040
0.000041
0.000044
0.000043
0.000041
0.000042
0.000047
0.000044
0.000041
0.000041
0.000043
0.000041
0.000051
0.000043
0.000043
0.000044
0.000041
0.000044
0.000041
0.000044
0.000045
0.000043
0.000048
0.000043
0.000042
0.000043
0.000043
0.000082
0.000041
0.000042
0.000043
0.000044
0.000043
0.000042
0.000043
0.000044
0.000042
0.000044
0.000045
0.000042
0.000041
0.000041
0.000043
0.000044
0.000043
0.000042
0.000043
0.000042
0.000042
0.000083
0.000042
0.000043
0.000043
0.000043
0.000047
0.000043
0.000044
0.000041
0.000044
0.000042
0.000041
0.000042
0.000043
0.000042
0.000039
0.000042
0.000040
0.000042
0.000043
0.000041
0.000046
0.000055
0.000041
0.000041
0.000042
0.000040
0.000042
0.000041
0.000041
0.000043
0.000041
0.000042
0.000043
0.000041
0.000041
0.000042
0.000041
0.000043
0.000043
0.000041
0.000041
0.000044
0.000040
0.000042
0.000052
0.000043
0.000043
0.000041
0.000044
0.000042
0.000041
0.000041
0.000044
0.000046
0.000043
0.000043
0.000045
0.000045
0.000043
0.000040
0.000045
0.000040
0.000042
0.000043
0.000041
0.000045
0.000051
0.000042
0.000043
0.000044
0.000042
0.000042
0.000042
0.000044
0.000043
0.000040
0.000040
0.000042
0.000043
0.000040
0.000039
0.000040
0.000041
0.000042
0.000041
0.000043
0.000042
0.000042
0.000041
0.000054
0.000042
0.000040
0.000044
0.000042
0.000042
0.000042
0.000040
0.000045
0.000043
0.000043
0.000043
0.000045
0.000042
0.000046
0.000044
0.000043
0.000042
0.000041
0.000043
0.000042
0.000043
0.000069
0.000044
0.000041
0.000043
0.000042
0.000042
0.000042
0.000042
0.000043
0.000042
0.000042
0.000044
0.000043
0.000045
0.000042
0.000041
0.000043
0.000045
0.000042
0.000042
0.000044
0.000042
0.000043
0.000051
0.000044
0.000041
0.000042
0.000043
0.000045
0.000042
0.000043
0.000041
0.000040
0.000042
0.000043
0.000044
0.000044
0.000041
0.000044
0.000045
0.000039
0.000040
0.000042
0.000041
0.000042
0.000042
0.000052
0.000045
0.000041
0.000040
0.000042
0.000043
0.000042
0.000040
0.000044
0.000045
0.000040
0.000043
0.000041
0.000044
0.000041
0.000043
0.000045
0.000044
0.000041
0.000042
0.000045
0.000041
0.000042
0.000043
0.000043
0.000044
0.000043
0.000043
0.000042
0.000042
0.000044
0.000043
0.000041
0.000041
0.000040
0.000043
0.000043
0.000044
0.000043
0.000043
0.000042
0.000042
0.000045
0.000039
0.000042
0.000076
0.000047
0.000052
0.000053
0.000055
0.000057
0.000057
0.000049
0.000047
0.000044
0.000051
0.000047
0.000044
0.000045
0.000046
0.000048
0.000056
0.000055
0.000222
0.000063
0.000048
0.000045
0.000056
0.000047
0.000046
0.000050
0.000043
0.000043
0.000046
0.000052
0.000045
0.000045
0.000045
0.000046
0.000045
0.000078
0.000046
0.000046
0.000047
0.000046
0.000043
0.000045
0.000043
0.000041
0.000043
0.000048
0.000044
0.000044
0.000046
0.000045
0.000040
0.000042
0.000042
0.000046
0.000041
0.000043
0.000109
0.000049
0.000046
0.000042
0.000044
0.000043
0.000039
0.000043
0.000043
0.000042
0.000043
0.000044
0.000045
0.000042
0.000044
0.000043
0.000044
0.000042
0.000043
0.000045
0.000040
0.000073
0.000044
0.000042
0.000042
0.000040
0.000041
0.000043
0.000041
0.000042
0.000042
0.000042
0.000045
0.000040
0.000045
0.000044
0.000042
0.000041
0.000042
0.000041
0.000042
0.000045
0.000044
0.000084
0.000046
0.000043
0.000045
0.000041
0.000040
0.000041
0.000048
0.000041
0.000042
0.000043
0.000046
0.000041
0.000041
0.000045
0.000042
0.000042
0.000042
0.000045
0.000042
0.000042
0.000044
0.000061
0.000042
0.000042
0.000045
0.000044
0.000042
0.000041
0.000043
0.000040
0.000040
0.000042
0.000043
0.000043
0.000040
0.000042
0.000044
0.000044
0.000041
0.000043
0.000043
0.000046
0.000042
0.000074
0.000052
0.000053
0.000049
0.000054
0.000051
0.000056
0.000053
0.000050
0.000055
0.000052
0.000051
0.000055
0.000057
0.000056
0.000052
0.000047
0.000052
0.000087
0.000048
0.000053
0.000051
0.000053
0.000049
0.000047
0.000049
0.000050
0.000050
0.000050
0.000050
0.000051
0.000055
0.000054
0.000052
0.000051
0.000052
0.000090
0.000057
0.000051
0.000056
0.000051
0.000051
0.000050
0.000053
0.000051
0.000050
0.000054
0.000053
0.000053
0.000048
0.000049
0.000052
0.000049
0.000051
0.000095
0.000061
0.000067
0.000053
0.000058
0.000054
0.000055
0.000053
0.000053
0.000056
0.000052
0.000051
0.000051
0.000050
0.000050
0.000053
0.000051
0.000055
0.000076
0.000056
0.000054
0.000053
0.000053
0.000049
0.000054
0.000056
0.000053
0.000057
0.000056
0.000052
0.000055
0.000055
0.000054
0.000051
0.000111
0.000053
0.000055
0.000054
0.000055
0.000052
0.000058
0.000055
0.000050
0.000055
0.000055
0.000058
0.000053
0.000054
0.000052
0.000050
0.000050
0.000053
0.000107
0.000062
0.000055
0.000055
0.000051
0.000051
0.000050
0.000053
0.000055
0.000050
0.000056
0.000055
0.000047
0.000050
0.000053
0.000049
0.000051
0.000082
0.000060
0.000051
0.000054
0.000050
0.000056
0.000050
0.000048
0.000052
0.000050
0.000056
0.000055
0.000052
0.000052
0.000050
0.000050
0.000061
0.000052
0.000154
0.000051
0.000053
0.000056
0.000054
0.000047
0.000054
0.000050
0.000055
0.000051
0.000052
0.000050
0.000053
0.000052
0.000055
0.000050
0.000047
0.002625
0.000045
0.000047
0.000043
0.000043
0.000046
0.000045
0.000071
0.000050
0.000044
0.000039
0.000041
0.000046
0.000040
0.000041
0.000043
0.000041
0.000044
0.000045
0.000040
0.000043
0.000040
0.000040
0.000039
0.000043
0.000041
0.000040
0.000043
0.000043
0.000098
0.000041
0.000041
0.000041
0.000042
0.000044
0.000045
0.000042
0.000043
0.000041
0.000043
0.000041
0.000044
0.000045
0.000043
0.000042
0.000040
0.000041
0.000044
0.000041
0.000044
0.000044
0.000058
0.000045
0.000040
0.000042
0.000043
0.000043
0.000042
0.000041
0.000041
0.000041
0.000042
0.000040
0.000041
0.000042
0.000041
0.000041
0.000043
0.000045
0.000043
0.000043
0.000043
0.000043
0.000041
0.000052
0.000043
0.000045
0.000040
0.000042
0.000045
0.000041
0.000040
0.000041
0.000043
0.000040
0.000041
0.000042
0.000042
0.000042
0.000042
0.000043
0.000042
0.000041
0.000044
0.000043
0.000043
0.000042
0.000063
0.000042
0.000042
0.000042
0.000044
0.000042
0.000043
0.000042
0.000043
0.000040
0.000044
0.000041
0.000041
0.000045
0.000053
0.000044
0.000052
0.000048
0.000048
0.000055
0.000052
0.000057
0.000043
0.000045
0.000048
0.000049
0.000051
0.000045
0.000044
0.000041
0.000042
0.000043
0.000042
0.000056
0.000045
0.000050
