0.000468
0.001346
0.002130
0.003053
0.003871
0.005019
0.005715
0.006510
0.004275
0.004717
0.005601
0.006330
0.004251
0.004570
0.005416
0.006206
0.004342
0.004506
0.005330
0.006407
0.004388
0.004360
0.005164
0.005867
0.004549
0.004483
0.005241
0.006066
0.004914
0.004603
0.005494
0.006326
0.005908
0.004880
0.005019
0.005807
0.005483
0.004388
0.005109
0.005730
0.005793
0.004058
0.004832
0.005496
0.006103
0.003986
0.004713
0.005345
0.006165
0.003956
0.004626
0.005608
0.006248
0.004287
0.004480
0.005354
0.005884
0.004720
0.004805
0.005217
0.005842
0.004632
0.004208
0.005141
0.005899
0.004681
0.004248
0.004954
0.005785
0.005201
0.004145
0.005096
0.005725
0.005351
0.004083
0.004859
0.005550
0.005679
0.004030
0.005033
0.005607
0.005685
0.004207
0.004787
0.005423
0.005793
0.003976
0.004677
0.005279
0.006013
0.004152
0.004750
0.005376
0.006106
0.004200
0.004591
0.005249
0.005953
0.004450
0.004471
0.005113
0.005681
0.004671
0.004392
0.005127
0.005806
0.004883
0.004316
0.005067
0.005810
0.005180
0.004278
0.004938
0.005606
0.005303
0.004224
0.004936
0.005770
0.005253
0.004154
0.004958
0.005625
0.005396
0.004355
0.004868
0.005554
0.005565
0.004042
0.004899
0.005631
0.005641
0.004079
0.004856
0.005495
0.005855
0.004208
0.004791
0.005774
0.005839
0.004030
0.004694
0.005412
0.006186
0.004088
0.004653
0.005432
0.005886
0.004005
0.004664
0.005386
0.006144
0.004034
0.004618
0.005385
0.005926
0.004389
0.004896
0.005181
0.005740
0.004779
0.004486
0.005205
0.005828
0.004903
0.004377
0.005046
0.005645
0.005164
0.004362
0.004994
0.005735
0.005521
0.004135
0.004811
0.005694
0.005718
0.004463
0.005333
0.005649
0.005743
0.004032
0.004797
0.005465
0.006121
0.003995
0.004813
0.005474
0.006084
0.003981
0.004776
0.005305
0.006113
0.004209
0.004453
0.005237
0.005993
0.004780
0.004403
0.005162
0.005737
0.005054
0.004440
0.005122
0.005815
0.005019
0.004222
0.004889
0.005659
0.005915
0.004672
0.005473
0.006158
0.005822
0.004034
0.004780
0.005575
0.006068
0.004240
0.004661
0.005358
0.006034
0.004783
0.004498
0.005027
0.005776
0.005160
0.004251
0.004870
0.005591
0.006024
0.004024
0.004664
0.005327
0.006139
0.004265
0.004666
0.005298
0.005888
0.004711
0.004381
0.005115
0.006097
0.005057
0.004168
0.004964
0.005524
0.005672
0.004071
0.004901
0.005426
0.006144
0.004167
0.004419
0.005216
0.005956
0.005027
0.004249
0.004966
0.005567
0.005723
0.004019
0.004909
0.005324
0.006144
0.004209
0.004718
0.005162
0.005972
0.005114
0.004233
0.004924
0.005556
0.006074
0.003947
0.004719
0.005406
0.005984
0.004769
0.004289
0.004967
0.005767
0.005696
0.004154
0.004615
0.005406
0.006111
0.004351
0.004495
0.004929
0.005683
0.005621
0.004149
0.004623
0.005439
0.006237
0.004342
0.004491
0.005090
0.005928
0.005314
0.004421
0.004756
0.005285
0.005898
0.004846
0.004307
0.004933
0.005918
0.006071
0.004032
0.004499
0.005110
0.005763
0.005669
0.004096
0.004650
0.005208
0.006037
0.004733
0.004221
0.005172
0.005573
0.006087
0.003936
0.004529
0.004996
0.005583
0.005873
0.004071
0.004637
0.005022
0.005884
0.005030
0.004693
0.004774
0.005465
0.006111
0.004291
0.004282
0.004994
0.005663
0.006009
0.004010
0.004522
0.005083
0.005847
0.005615
0.004160
0.004586
0.005187
0.005845
0.005186
0.004193
0.005109
0.005203
0.005850
0.005204
0.004273
0.004873
0.005533
0.006048
0.004697
0.004303
0.004726
0.005338
0.005936
0.004762
0.004272
0.004925
0.005477
0.006125
0.004281
0.004360
0.004978
0.005587
0.006237
0.004440
0.004795
0.005108
0.005939
0.006072
0.004567
0.004441
0.005085
0.005542
0.006381
0.004544
0.004374
0.004779
0.005307
0.006225
0.005112
0.004334
0.004691
0.005154
0.005799
0.006045
0.004153
0.004647
0.005201
0.005642
0.006211
0.004295
0.004264
0.004857
0.005630
0.005903
0.004884
0.004201
0.004805
0.005179
0.005728
0.005954
0.004245
0.004773
0.005278
0.005705
0.006358
0.004210
0.004460
0.004911
0.005588
0.006006
0.004431
0.004484
0.004814
0.005229
0.005967
0.005232
0.004217
0.004577
0.005117
0.005614
0.006223
0.004045
0.004498
0.004841
0.005479
0.006137
0.004590
0.004261
0.004695
0.005245
0.005634
0.005921
0.004088
0.004479
0.004957
0.005392
0.005788
0.005168
0.004306
0.004707
0.005062
0.005515
0.005985
0.004602
0.004369
0.004771
0.005203
0.005630
0.005550
0.004212
0.004576
0.005012
0.005537
0.005945
0.004662
0.004395
0.004746
0.005099
0.005651
0.005946
0.004127
0.004535
0.004909
0.005263
0.005942
0.005443
0.004330
0.004590
0.005025
0.005446
0.006156
0.004724
0.004265
0.004785
0.005245
0.005789
0.005882
0.004151
0.004585
0.005056
0.005315
0.005681
0.005425
0.004252
0.004637
0.004962
0.005354
0.005887
0.005182
0.004349
0.004811
0.005208
0.005630
0.005966
0.004990
0.004347
0.004827
0.005249
0.005679
0.006164
0.004845
0.004442
0.004712
0.005402
0.005652
0.006017
0.004513
0.004446
0.004882
0.005228
0.005542
0.006015
0.004752
0.004362
0.004743
0.005087
0.005580
0.006066
0.004940
0.004509
0.004735
0.005140
0.005522
0.006176
0.004702
0.004444
0.004721
0.005115
0.005536
0.006087
0.004791
0.004501
0.004821
0.005160
0.005603
0.005951
0.004929
0.004418
0.004706
0.005172
0.005437
0.005960
0.005323
0.004389
0.004584
0.004969
0.005553
0.005870
0.005534
0.004441
0.004755
0.004941
0.005411
0.005826
0.006044
0.004542
0.004740
0.005062
0.005361
0.005746
0.005976
0.004302
0.004519
0.004903
0.005222
0.005574
0.006151
0.004640
0.004564
0.004848
0.005268
0.005531
0.005965
0.005177
0.004478
0.004869
0.005138
0.006583
0.006087
0.005532
0.004484
0.004680
0.005020
0.005279
0.005682
0.006151
0.004666
0.004540
0.004863
0.005237
0.005634
0.006150
0.005436
0.004584
0.004774
0.005062
0.005450
0.005776
0.006153
0.004609
0.004667
0.005000
0.005404
0.005616
0.006019
0.005624
0.004619
0.004697
0.005053
0.005493
0.005997
0.006530
0.004552
0.004633
0.004953
0.005205
0.005598
0.005938
0.005905
0.004528
0.004741
0.005043
0.005348
0.005945
0.006350
0.004634
0.004627
0.005002
0.005310
0.005676
0.006028
0.005840
0.004466
0.004855
0.005034
0.005424
0.006251
0.006631
0.005312
0.004554
0.004743
0.005356
0.005454
0.006038
0.006271
0.004419
0.004558
0.004931
0.005187
0.005593
0.005947
0.005904
0.004434
0.004703
0.005063
0.005500
0.005754
0.006011
0.005075
0.004541
0.004690
0.005145
0.005402
0.005884
0.006113
0.004714
0.004650
0.004800
0.005171
0.005585
0.005972
0.006117
0.004438
0.004852
0.005142
0.005303
0.005668
0.006218
0.005271
0.004540
0.004739
0.005110
0.005260
0.005719
0.006237
0.005338
0.004446
0.004775
0.004981
0.005572
0.005777
0.006196
0.004848
0.004619
0.005002
0.005260
0.005550
0.005736
0.006204
0.004789
0.004613
0.004791
0.005192
0.005654
0.005787
0.006256
0.004408
0.004708
0.004927
0.005377
0.005486
0.005939
0.006233
0.004777
0.004692
0.004911
0.005170
0.005459
0.005817
0.006248
0.004691
0.004665
0.004874
0.005219
0.005413
0.005792
0.006303
0.005017
0.004778
0.004943
0.005221
0.005565
0.005899
0.006146
0.005081
0.004530
0.004902
0.005082
0.005498
0.005946
0.006092
0.005260
0.004624
0.004889
0.005296
0.005559
0.005764
0.006316
0.005244
0.004687
0.004720
0.005128
0.005429
0.005802
0.006133
0.005693
0.004676
0.004817
0.005091
0.005344
0.005661
0.005903
0.006265
0.004706
0.004746
0.005042
0.005310
0.005544
0.005747
0.006166
0.005558
0.004611
0.004769
0.005039
0.005366
0.005755
0.005973
0.006339
0.004563
0.004805
0.005050
0.005482
0.005643
0.005947
0.006300
0.004951
0.004669
0.005009
0.005141
0.005492
0.005854
0.006055
0.005968
0.004690
0.004875
0.005164
0.005390
0.005794
0.005959
0.006201
0.004955
0.004730
0.004979
0.005260
0.005405
0.005752
0.006041
0.005810
0.004632
0.004961
0.005196
0.005375
0.005713
0.005945
0.006295
0.005010
0.004816
0.004986
0.005305
0.005636
0.005936
0.006019
0.005835
0.004646
0.004845
0.005087
0.005405
0.005799
0.005945
0.006271
0.005338
0.004718
0.004975
0.005186
0.005498
0.005743
0.006124
0.006181
0.004749
0.004789
0.005125
0.005312
0.005569
0.005854
0.006069
0.005994
0.004603
0.004917
0.005084
0.005487
0.005805
0.006116
0.006295
0.004957
0.004672
0.005138
0.005269
0.005451
0.005949
0.006170
0.006258
0.004654
0.005037
0.005226
0.005286
0.005736
0.005956
0.006172
0.005967
0.004793
0.004956
0.005220
0.005550
0.005886
0.006105
0.006431
0.004928
0.004825
0.005026
0.005253
0.005326
0.005775
0.005974
0.006511
0.004651
0.004981
0.005027
0.005317
0.005608
0.005908
0.006105
0.006528
0.004752
0.004971
0.005205
0.005432
0.005669
0.005886
0.006283
0.006101
0.004731
0.005041
0.005127
0.005526
0.005827
0.005976
0.006185
0.006024
0.004753
0.005145
0.005194
0.005544
0.005631
0.005860
0.006158
0.006301
0.004738
0.004970
0.005163
0.005389
0.005634
0.006153
0.006293
0.006112
0.004873
0.005038
0.005310
0.005704
0.005801
0.005910
0.006338
0.006214
0.004845
0.005121
0.005201
0.005426
0.005636
0.005964
0.006153
0.006210
0.004776
0.005003
0.005174
0.005544
0.005784
0.006114
0.006114
0.006491
0.004990
0.004968
0.005219
0.005660
0.005612
0.005878
0.006319
0.006127
0.004935
0.005097
0.005288
0.005458
0.005694
0.006055
0.006191
0.006348
0.004937
0.004961
0.005326
0.005503
0.005710
0.006091
0.006447
0.006466
0.004891
0.004939
0.005318
0.005330
0.005577
0.005940
0.006313
0.006539
0.005580
0.004945
0.005182
0.005322
0.005593
0.005945
0.006128
