0.000304
0.000341
0.000349
0.000361
0.000365
0.000386
0.000389
0.000408
0.000399
0.000408
0.000425
0.000421
0.000427
0.000426
0.000445
0.000446
0.000462
0.000439
0.000456
0.000494
0.000479
0.000464
0.000467
0.000481
0.000474
0.000547
0.000474
0.000521
0.000513
0.000509
0.000526
0.000535
0.000580
0.000546
0.000545
0.000539
0.000559
0.000557
0.000571
0.000588
0.000576
0.000581
0.000566
0.000594
0.000602
0.000596
0.000681
0.000616
0.000613
0.000619
0.000583
0.000638
0.000665
0.000635
0.000647
0.000663
0.000657
0.000830
0.000733
0.000676
0.000659
0.000695
0.000671
0.000705
0.000678
0.000701
0.000710
0.000710
0.000725
0.000788
0.000709
0.000757
0.000748
0.000762
0.000748
0.000771
0.000752
0.000772
0.000778
0.000798
0.000785
0.000779
0.000815
0.000584
0.000575
0.000583
0.000585
0.000609
0.000607
0.000586
0.000644
0.000599
0.000597
0.000611
0.000584
0.000605
0.000596
0.000592
0.000606
0.000599
0.000602
0.000606
0.000589
0.000602
0.000600
0.000599
0.000617
0.000601
0.000613
0.000607
0.000593
0.000616
0.000613
0.000620
0.000613
0.000591
0.000574
0.000614
0.000584
0.000580
0.000579
0.000600
0.000585
0.000575
0.000579
0.000580
0.000593
0.000606
0.000593
0.000590
0.000584
0.000589
0.000592
0.000601
0.000590
0.000593
0.000593
0.000610
0.000580
0.000641
0.000583
0.000600
0.000600
0.000590
0.000585
0.000591
0.000602
0.000605
0.000569
0.000566
0.000605
0.000590
0.000605
0.000573
0.000576
0.000563
0.000611
0.000594
0.000571
0.000579
0.000579
0.000652
0.000650
0.000610
0.000588
0.000613
0.000585
0.000586
0.000583
0.000583
0.000583
0.000583
0.000581
0.000580
0.000613
0.000590
0.000580
0.000605
0.000595
0.000592
0.000605
0.000585
0.000563
0.000575
0.000576
0.000578
0.000574
0.000602
0.000571
0.000588
0.000598
0.000575
0.000572
0.000562
0.000582
0.000590
0.000574
0.000576
0.000582
0.000569
0.000573
0.000610
0.000592
0.000572
0.000577
0.000580
0.000593
0.000643
0.000586
0.000593
0.000596
0.000589
0.000578
0.000570
0.000604
0.000619
0.000586
0.000634
0.000583
0.000594
0.000585
0.000540
0.000552
0.000563
0.000580
0.000564
0.000601
0.000603
0.000573
0.000584
0.000572
0.000582
0.000577
0.000578
0.000592
0.000576
0.000584
0.000586
0.000577
0.000588
0.000576
0.000590
0.000625
0.000573
0.000606
0.000580
0.000594
0.000591
0.000577
0.000584
0.000574
0.000582
0.000567
0.000565
0.000562
0.000569
0.000589
0.000629
0.000592
0.000598
0.000590
0.000592
0.000648
0.000608
0.000613
0.000576
0.000588
0.000632
0.000611
0.000640
0.000602
0.000567
0.000589
0.000576
0.000586
0.000609
0.000580
0.000592
0.000573
0.000583
0.000596
0.000579
0.000585
0.000587
0.000586
0.000572
0.000585
0.000579
0.000562
0.000585
0.000560
0.000591
0.000639
0.000585
0.000591
0.000583
0.000588
0.000596
0.000596
0.000598
0.000584
0.000594
0.000580
0.000584
0.000610
0.000594
0.000598
0.000598
0.000598
0.000611
0.000577
0.000595
0.000581
0.000571
0.000568
0.000569
0.000626
0.000591
0.000580
0.000615
0.000671
0.000608
0.000608
0.000574
0.000594
0.000587
0.000579
0.000585
0.000595
0.000600
0.000579
0.000576
0.000591
0.000583
0.000590
0.000610
0.000589
0.000586
0.000580
0.000596
0.000589
0.000581
0.000588
0.000633
0.000592
0.000604
0.000583
0.000576
0.000574
0.000590
0.000585
0.000580
0.000576
0.000616
0.000609
0.000593
0.000576
0.000627
0.000586
0.000586
0.000584
0.000577
0.000584
0.000581
0.000614
0.000589
0.000595
0.000588
0.000636
0.000595
0.000622
0.000579
0.000594
0.000588
0.000586
0.000582
0.000578
0.000615
0.000573
0.000575
0.000573
0.000563
0.000586
0.000601
0.000584
0.000587
0.000587
0.000569
0.000592
0.000584
0.000710
0.000585
0.000589
0.000573
0.000619
0.000601
0.000588
0.000618
0.000582
0.000585
0.000589
0.000579
0.000598
0.000568
0.000598
0.000585
0.000573
0.000584
0.000580
0.000595
0.000655
0.000600
0.000609
0.000618
0.000598
0.000598
0.000589
0.000607
0.000632
0.000583
0.000592
0.000573
0.000587
0.000591
0.000593
0.000582
0.000565
0.000599
0.000575
0.000583
0.000607
0.000580
0.000645
0.000687
0.000653
0.000580
0.000578
0.000617
0.000614
0.000577
0.000593
0.000595
0.000616
0.000618
0.000583
0.000630
0.000589
0.000594
0.000584
0.000572
0.000591
0.000599
0.000577
0.000592
0.000583
0.000592
0.000614
0.000591
0.000584
0.000573
0.000577
0.000592
0.000584
0.000619
0.000594
0.000603
0.000595
0.000602
0.000629
0.000637
0.000612
0.000611
0.000590
0.000596
0.000595
0.000594
0.000608
0.000587
0.000596
0.000587
0.000584
0.000587
0.000566
0.000592
0.000576
0.000592
0.000596
0.000589
0.000622
0.000600
0.000648
0.000673
0.000605
0.000580
0.000618
0.000588
0.000596
0.000597
0.000575
0.000600
0.000594
0.000637
0.000656
0.000615
0.000644
0.000608
0.000578
0.000586
0.000579
0.000601
0.000610
0.000603
0.000615
0.000612
0.000615
0.000592
0.000589
0.000663
0.000601
0.000603
0.000613
0.000606
0.000611
0.000608
0.000630
0.000683
0.000672
0.000596
0.000600
0.000630
0.000592
0.000595
0.000601
0.000597
0.000604
0.000591
0.000619
0.000605
0.000593
0.000595
0.000598
0.000600
0.000624
0.000601
0.000653
0.000622
0.000597
0.000612
0.000589
0.000603
0.000655
0.000609
0.000607
0.000609
0.000604
0.000599
0.000617
0.000588
0.000608
0.000603
0.000596
0.000598
0.000594
0.000604
0.000583
0.000592
0.000612
0.000601
0.000594
0.000633
0.000605
0.000608
0.000608
0.000603
0.000618
0.000646
0.000606
0.000623
0.000608
0.000598
0.000604
0.000611
0.000615
0.000603
0.000595
0.000613
0.000594
0.000588
0.000616
0.000588
0.000599
0.000597
0.000580
0.000634
0.000591
0.000629
0.000603
0.000597
0.000612
0.000604
0.000615
0.000604
0.000687
0.000634
0.000623
0.000606
0.000608
0.000600
0.000598
0.000623
0.000600
0.000589
0.000600
0.000604
0.000609
0.000590
0.000609
0.000624
0.000602
0.000629
0.000605
0.000593
0.000629
0.000612
0.000617
0.000601
0.000599
0.000594
0.000602
0.000600
0.000601
0.000598
0.000621
0.000630
0.000605
0.000604
0.000609
0.000608
0.000613
0.000592
0.000609
0.000667
0.000598
0.000599
0.000612
0.000607
0.000608
0.000581
0.000608
0.000621
0.000607
0.000631
0.000623
0.000609
0.000674
0.000611
0.000626
0.000622
0.000607
0.000614
0.000627
0.000622
0.000623
0.000609
0.000608
0.000616
0.000608
0.000645
0.000624
0.000599
0.000609
0.000602
0.000615
0.000594
0.000626
0.000606
0.000607
0.000609
0.000603
0.000606
0.000603
0.000592
0.000615
0.000614
0.000606
0.000614
0.000617
0.000630
0.000611
0.000595
0.000625
0.000635
0.000605
0.000620
0.000602
0.000599
0.000602
0.000600
0.000608
0.000627
0.000607
0.000604
0.000626
0.000609
0.000621
0.000619
0.000666
0.000682
0.000621
0.000633
0.000612
0.000603
0.000619
0.000649
0.000608
0.000633
0.000616
0.000599
0.000611
0.000607
0.000637
0.000615
0.000612
0.000614
0.000620
0.000605
0.000628
0.000608
0.000619
0.000615
0.000603
0.000608
0.000618
0.000594
0.000618
0.000606
0.000630
0.000612
0.000611
0.000667
0.000618
0.000624
0.000612
0.000625
0.000610
0.000630
0.000605
0.000621
0.000611
0.000607
0.000606
0.000621
0.000614
0.000608
0.000600
0.000616
0.000619
0.000617
0.000630
0.000626
0.000638
0.000632
0.000630
0.000605
0.000672
0.000625
0.000623
0.000627
0.000615
0.000629
0.000603
0.000648
0.000622
0.000610
0.000615
0.000616
0.000614
0.000606
0.000630
0.000620
0.000626
0.000608
0.000607
0.000620
0.000635
0.000609
0.000611
0.000596
0.000645
0.000611
0.000625
0.000635
0.000627
0.000613
0.000624
0.000620
0.000610
0.000628
0.000614
0.000607
0.000632
0.000612
0.000619
0.000638
0.000616
0.000619
0.000635
0.000619
0.000635
0.000658
0.000618
0.000627
0.000603
0.000691
0.000644
0.000656
0.000702
0.000667
0.000646
0.000608
0.000624
0.000612
0.000649
0.000633
0.000614
0.000691
0.000627
0.000622
0.000633
0.000623
0.000612
0.000625
0.000622
0.000632
0.000629
0.000618
0.000651
0.000621
0.000605
0.000618
0.000651
0.000617
0.000622
0.000629
0.000625
0.000623
0.000617
0.000628
0.000634
0.000615
0.000621
0.000624
0.000606
0.000620
0.000646
0.000622
0.000626
0.000614
0.000624
0.000644
0.000625
0.000637
0.000631
0.000624
0.000626
0.000638
0.000598
0.000645
0.000640
0.000631
0.000635
0.000628
0.000621
0.000648
0.000617
0.000631
0.000646
0.000606
0.000641
0.000650
0.000611
0.000628
0.000631
0.000610
0.000667
0.000641
0.000584
0.000600
0.000578
0.000589
0.000597
0.000613
0.000642
0.000603
0.000634
0.000629
0.000621
0.000618
0.000642
0.000620
0.000623
0.000623
0.000626
0.000633
0.000615
0.000634
0.000631
0.000616
0.000658
0.000635
0.000615
0.000659
0.000629
0.000622
0.000639
0.000630
0.000634
0.000636
0.000640
0.000624
0.000703
0.000642
0.000623
0.000638
0.000633
0.000656
0.000623
0.000634
0.000637
0.000620
0.000629
0.000656
0.000638
0.000612
0.000632
0.000631
0.000630
0.000645
0.000633
0.000640
0.000630
0.000631
0.000632
0.000655
0.000623
0.000624
0.000644
0.000611
0.000629
0.000633
0.000623
0.000622
0.000604
0.000621
0.000644
0.000611
0.000649
0.000632
0.000618
0.000635
0.000643
0.000618
0.000656
0.000636
0.000635
0.000638
0.000622
0.000633
0.000650
0.000626
0.000636
0.000647
0.000633
0.000619
0.000647
0.000617
0.000627
0.000633
0.000635
0.000655
0.000643
0.000622
0.000630
0.000639
0.000622
0.000635
0.000617
0.000661
0.000610
0.000608
0.000631
0.000631
0.000635
0.000649
0.000631
0.000621
0.000632
0.000622
0.000639
0.000643
