0.000320
0.000346
0.000340
0.000371
0.000363
0.000362
0.000377
0.000374
0.000398
0.000394
0.000414
0.000424
0.000411
0.000449
0.000435
0.000442
0.000439
0.000442
0.000434
0.000465
0.000452
0.000450
0.000454
0.000467
0.000476
0.000478
0.000500
0.000492
0.000488
0.000480
0.000526
0.000494
0.000525
0.000521
0.000506
0.000525
0.000547
0.000545
0.000521
0.000548
0.000547
0.000589
0.000582
0.000582
0.000569
0.000569
0.000573
0.000579
0.000608
0.000587
0.000608
0.000604
0.000610
0.000630
0.000603
0.000623
0.000697
0.000647
0.000848
0.001028
0.000863
0.000867
0.000797
0.000782
0.000813
0.000797
0.000826
0.000893
0.000872
0.000855
0.000703
0.000747
0.000723
0.000705
0.000686
0.000732
0.000731
0.000720
0.000756
0.000766
0.000759
0.000740
0.000767
0.000799
0.000785
0.000771
0.000732
0.000571
0.000565
0.000583
0.000596
0.000577
0.000606
0.000586
0.000582
0.000597
0.000584
0.000594
0.000607
0.000605
0.000652
0.000629
0.000691
0.000638
0.000625
0.000662
0.000644
0.000671
0.000711
0.000606
0.000623
0.000637
0.000598
0.000622
0.000623
0.000782
0.000658
0.000648
0.000612
0.000609
0.000621
0.000575
0.000592
0.000588
0.000586
0.000598
0.000566
0.000611
0.000612
0.000597
0.000587
0.000592
0.000583
0.000622
0.000587
0.000611
0.000607
0.000612
0.000619
0.000584
0.000604
0.000600
0.000598
0.000602
0.000596
0.000619
0.000612
0.000597
0.000606
0.000602
0.000618
0.000576
0.000616
0.000593
0.000592
0.000675
0.000622
0.000651
0.000591
0.000688
0.000608
0.000606
0.000608
0.000597
0.000614
0.000593
0.000611
0.000608
0.000607
0.000595
0.000599
0.000620
0.000600
0.000600
0.000611
0.000600
0.000588
0.000619
0.000600
0.000618
0.000624
0.000612
0.000634
0.000629
0.000598
0.000619
0.000595
0.000602
0.000602
0.000586
0.000598
0.000592
0.000591
0.000595
0.000588
0.000613
0.000602
0.000577
0.000635
0.000590
0.000599
0.000605
0.000598
0.000611
0.000593
0.000597
0.000627
0.000599
0.000604
0.000595
0.000636
0.000636
0.000632
0.000638
0.000640
0.000614
0.000686
0.000605
0.000626
0.000614
0.000590
0.000611
0.000613
0.000585
0.000608
0.000597
0.000593
0.000602
0.000589
0.000605
0.000662
0.000608
0.000606
0.000609
0.000602
0.000608
0.000597
0.000620
0.000609
0.000598
0.000615
0.000610
0.000599
0.000601
0.000602
0.000592
0.000606
0.000600
0.000615
0.000605
0.000619
0.000600
0.000612
0.000600
0.000591
0.000604
0.000621
0.000599
0.000601
0.000586
0.000596
0.000613
0.000591
0.000615
0.000614
0.000643
0.000638
0.000662
0.000680
0.000613
0.000664
0.000602
0.000603
0.000610
0.000590
0.000627
0.000608
0.000606
0.000603
0.000646
0.000610
0.000621
0.000607
0.000624
0.000609
0.000616
0.000604
0.000605
0.000623
0.002717
0.000633
0.000628
0.000617
0.000610
0.000615
0.000605
0.000612
0.000611
0.000669
0.000655
0.000612
0.000612
0.000606
0.000611
0.000608
0.000622
0.000612
0.000619
0.000618
0.000621
0.000603
0.000622
0.000598
0.000598
0.000604
0.000607
0.000607
0.000645
0.000606
0.000617
0.000629
0.000620
0.000609
0.000656
0.000609
0.000617
0.000609
0.000605
0.000611
0.000614
0.000614
0.000630
0.000615
0.000628
0.000615
0.000626
0.000631
0.000626
0.000614
0.000642
0.000621
0.000626
0.000620
0.000609
0.000621
0.000622
0.000615
0.000605
0.000610
0.000658
0.000611
0.000616
0.000613
0.000621
0.000607
0.000610
0.000604
0.000628
0.000602
0.000623
0.000598
0.000620
0.000619
0.000598
0.000610
0.000590
0.000627
0.000617
0.000633
0.000727
0.000657
0.000611
0.000635
0.000638
0.000617
0.000622
0.000622
0.000609
0.000611
0.000610
0.000598
0.000612
0.000614
0.000620
0.000618
0.000624
0.000604
0.000626
0.000606
0.000611
0.000607
0.000611
0.000629
0.000596
0.000609
0.000624
0.000605
0.000618
0.000609
0.000631
0.000615
0.000610
0.000632
0.000609
0.000622
0.000621
0.000603
0.000620
0.000630
0.000615
0.000616
0.000613
0.000609
0.000631
0.000609
0.000640
0.000618
0.000610
0.000614
0.000609
0.000608
0.000670
0.000637
0.000612
0.000665
0.000639
0.000605
0.000675
0.000609
0.000634
0.000625
0.000605
0.000620
0.000630
0.000608
0.000645
0.000621
0.000623
0.000633
0.000629
0.000615
0.000613
0.000631
0.000617
0.000610
0.000617
0.000653
0.000630
0.000613
0.000609
0.000625
0.000617
0.000628
0.000620
0.000618
0.000621
0.000617
0.000636
0.000637
0.000613
0.000605
0.000617
0.000609
0.000620
0.000614
0.000621
0.000629
0.000623
0.000626
0.000625
0.000616
0.000656
0.000644
0.000607
0.000632
0.000622
0.000622
0.000654
0.000700
0.000723
0.000673
0.000629
0.000603
0.000626
0.000615
0.000610
0.000633
0.000624
0.000622
0.000626
0.000623
0.000622
0.000634
0.000631
0.000614
0.000627
0.000610
0.000633
0.000624
0.000609
0.000609
0.000624
0.000626
0.000652
0.000655
0.000619
0.000624
0.000619
0.000600
0.000623
0.000634
0.000627
0.000629
0.000624
0.000639
0.000618
0.000607
0.000633
0.000669
0.000609
0.000631
0.000631
0.000627
0.000638
0.000624
0.000621
0.000628
0.000613
0.000621
0.000724
0.000671
0.000689
0.000674
0.000647
0.000643
0.000670
0.000640
0.000647
0.000637
0.000615
0.000628
0.000678
0.000616
0.000630
0.000625
0.000634
0.000635
0.000624
0.000637
0.000629
0.000629
0.000617
0.000628
0.000622
0.000645
0.000620
0.000627
0.000614
0.000626
0.000628
0.000636
0.000622
0.000612
0.000635
0.000639
0.000638
0.000632
0.000616
0.000625
0.000629
0.000629
0.000630
0.000641
0.000617
0.000635
0.000616
0.000625
0.000630
0.000615
0.000629
0.000639
0.000648
0.000692
0.000676
0.000639
0.000702
0.000652
0.000620
0.000655
0.000626
0.000619
0.000653
0.000619
0.000624
0.000639
0.000628
0.000636
0.000631
0.000617
0.000650
0.000627
0.000612
0.000623
0.000632
0.000622
0.000640
0.000633
0.000613
0.000629
0.000620
0.000625
0.000633
0.000625
0.000660
0.000643
0.000619
0.000612
0.000621
0.000609
0.000634
0.000627
0.000611
0.000627
0.000632
0.000654
0.000621
0.000620
0.000626
0.000616
0.000624
0.000629
0.000633
0.000634
0.000634
0.000652
0.000643
0.000821
0.000657
0.000647
0.000643
0.000638
0.000637
0.000652
0.000646
0.000626
0.000629
0.000621
0.000619
0.000654
0.000610
0.000613
0.000616
0.000617
0.000610
0.000644
0.000612
0.000624
0.000616
0.000656
0.000616
0.000645
0.000623
0.000671
0.000645
0.000639
0.000629
0.000631
0.000620
0.000652
0.000629
0.000611
0.000664
0.000642
0.000623
0.000666
0.000636
0.000623
0.000634
0.000628
0.000647
0.000639
0.000641
0.000636
0.000647
0.000607
0.000613
0.000638
0.000657
0.000814
0.000675
0.000675
0.000626
0.000678
0.000637
0.000627
0.000619
0.000627
0.000628
0.000656
0.000614
0.000625
0.000628
0.000630
0.000623
0.000654
0.000624
0.000650
0.000659
0.000646
0.000617
0.000629
0.000608
0.000644
0.000627
0.000616
0.000638
0.000627
0.000613
0.000603
0.000605
0.000607
0.000608
0.000610
0.000617
0.000626
0.000614
0.000629
0.000623
0.000612
0.000622
0.000619
0.000670
0.000626
0.000613
0.000630
0.000626
0.000629
0.000666
0.000653
0.000676
0.000721
0.000705
0.000723
0.000668
0.000643
0.000648
0.000622
0.000636
0.000637
0.000622
0.000649
0.000628
0.000647
0.000647
0.000584
0.000616
0.000610
0.000604
0.000593
0.000604
0.000616
0.000626
0.000609
0.000594
0.000613
0.000618
0.000619
0.000638
0.000620
0.000633
0.000626
0.000627
0.000622
0.000628
0.000609
0.000655
0.000621
0.000609
0.000656
0.000628
0.000626
0.000631
0.000638
0.000601
0.000622
0.000643
0.000636
0.000629
0.000626
0.000632
0.000628
0.000603
0.000723
0.000756
0.000634
0.000629
0.000622
0.000616
0.000609
0.000635
0.000665
0.000650
0.000628
0.000611
0.000627
0.000627
0.000630
0.000646
0.000646
0.000608
0.000630
0.000622
0.000614
0.000639
0.000609
0.000633
0.000638
0.000629
0.000660
0.000630
0.000622
0.000627
0.000629
0.000649
0.000658
0.000608
0.000613
0.000598
0.000583
0.000592
0.000580
0.000606
0.000582
0.000625
0.000592
0.000628
0.000600
0.000603
0.000606
0.000630
0.000625
0.000607
0.000612
0.000626
0.000617
0.000640
0.000665
0.000635
0.000677
0.000686
0.000674
0.000640
0.000640
0.000633
0.000642
0.000618
0.000639
0.000617
0.000640
0.000613
0.000628
0.000610
0.000572
0.000593
0.000611
0.000572
0.000582
0.000597
0.000580
0.000585
0.000610
0.000608
0.000602
0.000613
0.000621
0.000610
0.000624
0.000586
0.000633
0.000607
0.000595
0.000613
0.000613
0.000590
0.000628
0.000687
0.000659
0.000637
0.000630
0.000609
0.000631
0.000619
0.000628
0.000613
0.000618
0.000617
0.000641
0.000613
0.000672
0.000684
0.000623
0.000634
0.000664
0.000611
0.000599
0.000596
0.000622
0.000603
0.000594
0.000620
0.000614
0.000599
0.000598
0.000604
0.000602
0.000628
0.000618
0.000609
0.000609
0.000602
0.000613
0.000602
0.000647
0.000624
0.000605
0.000604
0.000605
0.000620
0.000641
0.000600
0.000624
0.000614
0.000609
0.000624
0.000638
0.000607
0.000591
0.000573
0.000599
0.000594
0.000569
0.000603
0.000584
0.000603
0.000603
0.000582
0.000620
0.000576
0.000654
0.000597
0.000617
0.000605
0.000629
0.000683
0.000716
0.000647
0.000653
0.000629
0.000611
0.000609
0.000624
0.000644
0.000623
0.000597
0.000644
0.000611
0.000595
0.000660
0.000613
0.000605
0.000633
0.000622
0.000597
0.000575
0.000571
0.000588
0.000565
0.000601
0.000597
0.000615
0.000587
0.000605
0.000593
0.000627
0.000615
0.000612
0.000598
0.000610
0.000583
0.000618
0.000597
0.000612
0.000607
0.000588
0.000610
0.000647
0.000615
0.000616
0.000621
0.000611
