0.000075
0.000105
0.000096
0.000105
0.000115
0.000112
0.000119
0.000153
0.000143
0.000123
0.000135
0.000122
0.000121
0.000124
0.000130
0.000149
0.000129
0.000147
0.000129
0.000142
0.000133
0.000130
0.000165
0.000142
0.000140
0.000137
0.000140
0.000140
0.000138
0.000158
0.000149
0.000152
0.000146
0.000147
0.000147
0.000147
0.000208
0.000156
0.000172
0.000164
0.000162
0.000192
0.000160
0.000183
0.000166
0.000164
0.000217
0.000172
0.000171
0.000171
0.000164
0.000195
0.000170
0.000192
0.000175
0.000170
0.000176
0.000197
0.000172
0.000179
0.000186
0.000186
0.000278
0.000204
0.000192
0.000214
0.000264
0.000225
0.000229
0.000199
0.000207
0.000266
0.000276
0.000247
0.000234
0.000236
0.000231
0.000220
0.000347
0.000271
0.000235
0.000217
0.000258
0.000217
0.000215
0.000210
0.000211
0.000309
0.000278
0.000256
0.000291
0.000280
0.000327
0.000379
0.000319
0.000292
0.000311
0.000341
0.000318
0.000359
0.000316
0.000279
0.000272
0.000267
0.000233
0.000230
0.000309
0.000547
0.000686
0.000608
0.000741
0.000728
0.000643
0.000649
0.000456
0.000387
0.000335
0.000316
0.000325
0.000268
0.000249
0.000251
0.000320
0.000298
0.000307
0.000429
0.000283
0.000265
0.000311
0.000270
0.000256
0.000242
0.000279
0.000247
0.000255
0.000260
0.000341
0.000325
0.000312
0.000357
0.000279
0.000270
0.000304
0.000268
0.000257
0.000274
0.000264
0.000241
0.000239
0.000283
0.000230
0.000225
0.000227
0.000290
0.000224
0.000222
0.000226
0.000267
0.000223
0.000224
0.000228
0.000266
0.000231
0.000230
0.000233
0.000261
0.000242
0.000228
0.000230
0.000285
0.000240
0.000234
0.000231
0.000315
0.000357
0.000371
0.000442
0.000342
0.000338
0.000311
0.000284
0.000277
0.000395
0.000287
0.000275
0.000317
0.000288
0.000301
0.000305
0.000365
0.000613
0.000664
0.000650
0.000435
0.000417
0.000349
0.000346
0.000302
0.000289
0.000274
0.000307
0.000267
0.000259
0.000309
0.000298
0.000299
0.000357
0.000632
0.000815
0.000948
0.000935
0.000648
0.000808
0.000758
0.000517
0.000561
0.000500
0.000635
0.000533
0.000503
0.000457
0.000381
0.000346
0.000336
0.000301
0.000298
0.000359
0.000286
0.000278
0.000326
0.000291
0.000286
0.000276
0.000331
0.000302
0.000288
0.000336
0.000295
0.000290
0.000328
0.000292
0.000288
0.000372
0.000314
0.000299
0.000332
0.000313
0.000295
0.000352
0.000323
0.000310
0.000396
0.000364
0.000345
0.000370
0.000332
0.000318
0.000353
0.000345
0.000589
0.000472
0.000573
0.000569
0.000435
0.000425
0.000435
0.000398
0.000412
0.000373
0.000363
0.000352
0.000321
0.000370
0.000352
0.000340
0.000434
0.000391
0.000397
0.000357
0.000339
0.000355
0.000320
0.000323
0.000361
0.000350
0.000341
0.000389
0.000354
0.000368
0.000365
0.000345
0.000383
0.000714
0.001052
0.000994
0.001090
0.000984
0.000691
0.000686
0.000499
0.000459
0.000454
0.000434
0.000484
0.000410
0.000378
0.000421
0.000373
0.000409
0.000375
0.000360
0.000410
0.000364
0.000412
0.000386
0.000370
0.000395
0.000363
0.000367
0.000424
0.000463
0.000509
0.000416
0.000474
0.000395
0.000459
0.000429
0.000461
0.000410
0.000390
0.000404
0.000368
0.000464
0.000487
0.000564
0.000476
0.000614
0.000592
0.000577
0.000506
0.000491
0.000542
0.000444
0.000467
0.000450
0.000444
0.000437
0.000407
0.000456
0.000398
0.000481
0.000454
0.000470
0.000418
0.000437
0.000395
0.000371
0.000465
0.000398
0.000552
0.000967
0.001195
0.001081
0.001117
0.000803
0.000590
0.000487
0.000485
0.000438
0.000511
0.000492
0.000508
0.000463
0.000468
0.000428
0.000435
0.000426
0.000400
0.000472
0.000403
0.000441
0.000400
0.000495
0.000489
0.000566
0.000509
0.000552
0.000446
0.000453
0.000419
0.000456
0.000403
0.000394
0.000446
0.000429
0.000522
0.000414
0.000494
0.000515
0.000603
0.000621
0.000575
0.000697
0.000504
0.000619
0.000551
0.000524
0.000455
0.000472
0.000426
0.000515
0.000437
0.000487
0.000446
0.000492
0.000439
0.000474
0.000478
0.000560
0.000516
0.000535
0.000469
0.000679
0.001157
0.001445
0.001083
0.000934
0.000644
0.000601
0.000523
0.000468
0.000460
0.000483
0.000511
0.000547
0.000573
0.000484
0.000525
0.000497
0.000529
0.000469
0.000490
0.000470
0.000536
0.000483
0.000542
0.000462
0.000542
0.000467
0.000497
0.000444
0.000498
0.000504
0.000589
0.000505
0.000518
0.000459
0.000594
0.000595
0.000641
0.000741
0.000577
0.000626
0.000565
0.000540
0.000564
0.000495
0.000522
0.000482
0.000524
0.000514
0.000548
0.000497
0.000501
0.000461
0.000554
0.000473
0.000557
0.000523
0.000857
0.001633
0.001274
0.001041
0.000865
0.000744
0.000662
0.000630
0.000594
0.000593
0.000655
0.000577
0.000564
0.000578
0.000566
0.000515
0.000556
0.000489
0.000525
0.000469
0.000549
0.000483
0.000523
0.000516
0.000515
0.000522
0.000499
0.000538
0.000559
0.000541
0.000510
0.000525
0.000493
0.000585
0.000532
0.000687
0.000563
0.000565
0.000572
0.000511
0.000613
0.000546
0.000535
0.000534
0.000522
0.000589
0.000629
0.000778
0.000683
0.000629
0.000591
0.000591
0.000487
0.000888
0.001353
0.001314
0.000968
0.001027
0.000696
0.000764
0.000730
0.000638
0.000626
0.000611
0.000553
0.000557
0.000489
0.000564
0.000527
0.000623
0.000572
0.000508
0.000542
0.000515
0.000547
0.000550
0.000623
0.000551
0.000537
0.000534
0.000505
0.000542
0.000485
0.000618
0.000530
0.000579
0.000642
0.000608
0.000600
0.000525
0.000601
0.000554
0.000554
0.000546
0.000586
0.000525
0.000540
0.000506
0.000603
0.000599
0.000571
0.000593
0.000544
0.000564
0.000572
0.000579
0.000635
0.000569
0.000882
0.001605
0.001352
0.001080
0.000825
0.000685
0.000621
0.000594
0.000659
0.000700
0.000614
0.000626
0.000559
0.000619
0.000563
0.000635
0.000563
0.000578
0.000632
0.000581
0.000607
0.000555
0.000595
0.000615
0.000599
0.000684
0.000607
0.000613
0.001210
0.000940
0.000592
0.000631
0.000755
0.000635
0.000574
0.000660
0.000579
0.000566
0.000534
0.002244
0.000700
0.004827
0.001370
0.000977
0.000638
0.000656
0.000566
0.000689
0.000910
0.003959
0.005777
0.003469
0.002623
0.000654
0.002629
0.000584
0.000629
0.000711
0.005947
0.002136
0.001175
0.000875
0.000713
0.000641
0.000580
0.000629
0.000556
0.000657
0.006600
0.000649
0.004427
0.000613
0.000557
0.000573
0.000692
0.000830
0.000611
0.000584
0.000556
0.000588
0.000565
0.000737
0.000652
0.000605
0.000588
0.000560
0.000534
0.000539
0.000530
0.000621
0.000592
0.004065
0.001045
0.001083
0.001599
0.000652
0.000604
0.000599
0.000559
0.000641
0.004353
0.000645
0.003455
0.000814
0.001052
0.000870
0.000687
0.000649
0.000622
0.000585
0.000604
0.000617
0.000587
0.000651
0.000601
0.000588
0.000652
0.000733
0.000669
0.000741
0.000722
0.000673
0.000646
0.000769
0.001144
0.001557
0.001350
0.001112
0.000737
0.000709
0.000663
0.000615
0.000670
0.000628
0.000599
0.000629
0.000602
0.000603
0.000620
0.000577
0.000639
0.000662
0.000647
0.000657
0.000634
0.000671
0.000667
0.000681
0.000634
0.000652
0.000634
0.000615
0.000642
0.000715
0.000723
0.000692
0.000655
0.000689
0.000667
0.000680
0.000643
0.000688
0.000766
0.000658
0.000683
0.000622
0.000607
0.000618
0.000667
0.000625
0.000836
0.001640
0.001706
0.001424
0.001292
0.000827
0.000698
0.000686
0.000650
0.000609
0.000641
0.000685
0.000663
0.000658
0.000654
0.000622
0.000717
0.000676
0.000603
0.000693
0.000629
0.000613
0.000653
0.000664
0.000612
0.000655
0.000674
0.000659
0.000667
0.000735
0.000918
0.001020
0.001180
0.000976
0.000756
0.000665
0.000684
0.000658
0.000617
0.000662
0.000690
0.000692
0.001165
0.001866
0.001354
0.001113
0.000957
0.000992
0.000758
0.000715
0.000705
0.000646
0.000731
0.000663
0.000663
0.000655
0.000642
0.000600
0.000684
0.000653
0.000624
0.000649
0.000634
0.000612
0.000670
0.000710
0.000665
0.000659
0.000753
0.000869
0.000944
0.000843
0.000712
0.000704
0.000709
0.000711
0.000658
0.000664
0.000666
0.000682
0.000786
0.000665
0.000691
0.000687
0.000690
0.000907
0.001617
0.001352
0.001318
0.000809
0.000917
0.000757
0.000758
0.000788
0.000698
0.000724
0.000706
0.000672
0.000641
0.000673
0.000630
0.000632
0.000689
0.000684
0.000653
0.000746
0.000768
0.000718
0.000709
0.000702
0.000665
0.000710
0.000779
0.000737
0.000712
0.000642
0.000711
0.000700
0.000714
0.000750
0.000683
0.000814
0.000813
0.000752
0.000727
0.000715
0.000734
0.000918
0.001522
0.001650
0.001362
0.000922
0.000743
0.000727
0.000775
0.000715
0.000636
0.000741
0.000749
0.000781
0.000731
0.000747
0.000708
0.000680
0.000708
0.000709
0.000730
0.000711
0.000653
0.000683
0.000658
0.000687
0.000862
0.000851
0.000787
0.000752
0.000689
0.000780
0.000747
0.000753
0.000722
0.000728
0.000783
0.000708
0.000689
0.000704
0.000731
0.000737
0.000717
0.000748
0.000749
0.000983
0.001784
0.001376
0.000988
0.000807
0.000767
0.000738
0.000716
0.000753
0.000715
0.000748
0.000779
0.000734
0.000800
0.000712
0.000721
0.000766
0.000768
0.000738
0.000680
0.000814
0.000768
0.000763
0.000742
0.000769
0.000813
0.000777
0.001133
0.000975
0.000816
0.000820
0.000747
0.000795
0.000809
0.000827
0.000839
0.000808
0.000752
0.000788
0.000951
0.001550
0.001519
0.001442
0.000868
0.000793
0.000781
0.000743
0.000855
0.000714
0.000749
0.000778
0.000767
0.000779
0.000716
0.000739
0.000764
0.000743
0.000709
0.000805
0.000789
0.000760
0.000731
0.000763
0.000834
0.000749
0.000771
0.000880
0.000926
0.000866
0.000783
0.000742
0.000788
