0.000291
0.000330
0.000320
0.000373
0.000311
0.000325
0.000367
0.000403
0.000354
0.000313
0.000330
0.000361
0.000382
0.000413
0.000414
0.000392
0.000402
0.000360
0.000352
0.000349
0.000351
0.000376
0.000375
0.000410
0.000399
0.000463
0.000439
0.000442
0.000435
0.000423
0.000453
0.000449
0.000437
0.000447
0.000417
0.000418
0.000412
0.000428
0.000419
0.000425
0.000426
0.000427
0.000449
0.000434
0.000448
0.000442
0.000473
0.000470
0.000466
0.000478
0.000473
0.000529
0.000486
0.000509
0.000488
0.000512
0.000502
0.000533
0.000505
0.000590
0.000533
0.000583
0.000612
0.000563
0.000638
0.000649
0.000553
0.000647
0.000574
0.000566
0.000567
0.000551
0.000563
0.000522
0.000563
0.000552
0.000584
0.000573
0.000561
0.000595
0.000563
0.000580
0.000598
0.000606
0.000607
0.000671
0.000716
0.000626
0.000610
0.000645
0.000644
0.000642
0.000657
0.000600
0.000492
0.000479
0.000504
0.000483
0.000517
0.000493
0.000520
0.000553
0.000592
0.000531
0.000543
0.000521
0.000516
0.000548
0.000521
0.000526
0.000521
0.000569
0.000511
0.000525
0.000518
0.000524
0.000544
0.000528
0.000536
0.000636
0.000571
0.000674
0.000623
0.000595
0.000652
0.000676
0.000608
0.000607
0.000545
0.000570
0.000542
0.000575
0.000582
0.000555
0.000604
0.000513
0.000562
0.000486
0.000518
0.000480
0.000495
0.000473
0.000499
0.000485
0.000496
0.000481
0.000510
0.000470
0.000495
0.000489
0.000498
0.000476
0.000508
0.000489
0.000519
0.000486
0.000501
0.000526
0.000495
0.000542
0.000497
0.000519
0.000489
0.000524
0.000504
0.000511
0.000482
0.000517
0.000533
0.000505
0.000497
0.000526
0.000502
0.000502
0.000483
0.000531
0.000486
0.000521
0.000515
0.000501
0.000518
0.000569
0.000698
0.000555
0.000576
0.000567
0.000574
0.000635
0.000526
0.000599
0.000512
0.000518
0.000508
0.000501
0.000508
0.000543
0.000557
0.000541
0.000539
0.000535
0.000550
0.000515
0.000529
0.000556
0.000513
0.000520
0.000503
0.000546
0.000532
0.000550
0.000564
0.000592
0.000598
0.000578
0.000576
0.000601
0.000535
0.000568
0.000590
0.000518
0.000522
0.000553
0.000530
0.000514
0.000535
0.000504
0.000565
0.000543
0.000504
0.000544
0.000529
0.000533
0.000522
0.000534
0.000570
0.000535
0.000514
0.000532
0.000515
0.000530
0.000552
0.000533
0.000509
0.000566
0.000676
0.000596
0.000616
0.000557
0.000691
0.000653
0.000568
0.000561
0.000538
0.000523
0.000557
0.000511
0.000544
0.000506
0.000524
0.000504
0.000530
0.000514
0.000534
0.000536
0.000517
0.000518
0.000515
0.000520
0.000551
0.000580
0.000529
0.000538
0.000508
0.000522
0.000489
0.000520
0.000502
0.000520
0.000531
0.000504
0.000525
0.000505
0.000520
0.000501
0.000521
0.000501
0.000538
0.000491
0.000530
0.000510
0.000529
0.000515
0.000512
0.000495
0.000613
0.000511
0.000498
0.000507
0.000511
0.000517
0.000497
0.000526
0.000494
0.000510
0.000495
0.000573
0.000594
0.000741
0.000761
0.000557
0.000648
0.000668
0.000540
0.000529
0.000498
0.000569
0.000513
0.000517
0.000504
0.000489
0.000519
0.000511
0.000520
0.000503
0.000553
0.000512
0.000516
0.000501
0.000518
0.000497
0.000527
0.000499
0.000514
0.000500
0.000552
0.000519
0.000514
0.000516
0.000505
0.000521
0.000516
0.000536
0.000510
0.000533
0.000528
0.000578
0.000512
0.000547
0.000537
0.000524
0.000518
0.000517
0.000538
0.000513
0.000535
0.000507
0.000547
0.000513
0.000524
0.000511
0.000545
0.000510
0.000508
0.000562
0.000513
0.000523
0.000503
0.000573
0.000616
0.000606
0.000632
0.000557
0.000632
0.000664
0.000645
0.000586
0.000521
0.000528
0.000533
0.000547
0.000612
0.000617
0.000668
0.000544
0.000543
0.000522
0.000529
0.000570
0.000520
0.000527
0.000509
0.000530
0.000522
0.000518
0.000509
0.000519
0.000498
0.000562
0.000511
0.000573
0.000535
0.000528
0.000529
0.000519
0.000575
0.000528
0.000528
0.000513
0.000538
0.000514
0.000535
0.000522
0.000528
0.000548
0.000511
0.000535
0.000532
0.000566
0.000531
0.000551
0.000514
0.000529
0.000510
0.000518
0.000536
0.000512
0.000539
0.000511
0.000542
0.000637
0.000686
0.000637
0.000829
0.000686
0.000637
0.000574
0.000538
0.000542
0.000539
0.000584
0.000519
0.000527
0.000522
0.000532
0.000558
0.000524
0.000559
0.000521
0.000519
0.000519
0.000535
0.000529
0.000543
0.000511
0.000543
0.000524
0.000534
0.000542
0.000528
0.000533
0.000586
0.000676
0.000570
0.000540
0.000573
0.000553
0.000575
0.000547
0.000619
0.000579
0.000543
0.000639
0.000575
0.000584
0.000608
0.000555
0.000562
0.000550
0.000568
0.000548
0.000574
0.000566
0.000554
0.000651
0.000543
0.000568
0.000565
0.000625
0.000669
0.000753
0.000629
0.000635
0.000703
0.000612
0.000594
0.000536
0.000655
0.000579
0.000546
0.000540
0.000555
0.000628
0.000625
0.000578
0.000643
0.000650
0.000597
0.000588
0.000602
0.000548
0.000549
0.000538
0.000574
0.000603
0.000563
0.000639
0.000553
0.000582
0.000588
0.000554
0.000573
0.000578
0.000610
0.000532
0.000563
0.000548
0.000566
0.000568
0.000550
0.000637
0.000529
0.000541
0.000522
0.000545
0.000538
0.000524
0.000548
0.000517
0.000531
0.000522
0.000552
0.000526
0.000555
0.000538
0.000732
0.000754
0.000783
0.000632
0.000638
0.000750
0.000699
0.000581
0.000551
0.000537
0.000538
0.000523
0.000588
0.000612
0.000545
0.000543
0.000533
0.000549
0.000519
0.000542
0.000529
0.000550
0.000537
0.000522
0.000540
0.000535
0.000574
0.000546
0.000616
0.000539
0.000518
0.000541
0.000522
0.000556
0.000531
0.000588
0.000561
0.000560
0.000569
0.000534
0.000551
0.000546
0.001101
0.000532
0.000541
0.000533
0.000577
0.000555
0.000636
0.000604
0.000560
0.000622
0.000562
0.000599
0.000704
0.000573
0.000639
0.000783
0.000675
0.000751
0.000669
0.000708
0.000580
0.000562
0.000613
0.000576
0.000617
0.000548
0.000549
0.000531
0.000541
0.000546
0.000536
0.000529
0.000530
0.000576
0.000527
0.000545
0.000521
0.000536
0.000573
0.000627
0.000543
0.000622
0.000567
0.000526
0.000556
0.000519
0.000550
0.000521
0.000584
0.000562
0.000549
0.000560
0.000540
0.000574
0.000522
0.000580
0.000549
0.000532
0.000550
0.000539
0.000537
0.000528
0.000569
0.000519
0.000542
0.000592
0.000546
0.000568
0.000541
0.000546
0.000538
0.000566
0.000548
0.000631
0.000691
0.000819
0.000671
0.000627
0.000691
0.000699
0.000612
0.000634
0.000606
0.000539
0.000552
0.000531
0.000551
0.000523
0.000553
0.000536
0.000539
0.000572
0.000535
0.000566
0.000542
0.000597
0.000536
0.000567
0.000546
0.000551
0.000607
0.000590
0.000683
0.000662
0.000596
0.000578
0.000564
0.000566
0.000622
0.000553
0.000608
0.000569
0.000614
0.000577
0.000551
0.000562
0.000533
0.000619
0.000558
0.000554
0.000557
0.000543
0.000593
0.000535
0.000590
0.000540
0.000546
0.000569
0.000531
0.000557
0.000547
0.000623
0.000806
0.000775
0.000635
0.000786
0.000813
0.000658
0.000569
0.000564
0.000549
0.000605
0.000571
0.000544
0.000582
0.000582
0.000547
0.000577
0.000566
0.000659
0.000634
0.000588
0.000628
0.000589
0.000561
0.000610
0.000574
0.000645
0.000612
0.000600
0.000674
0.000635
0.000639
0.000658
0.000631
0.000579
0.000600
0.000559
0.000593
0.000581
0.000624
0.000586
0.000647
0.000636
0.000611
0.000589
0.000644
0.000615
0.000597
0.000615
0.000575
0.000630
0.000661
0.000715
0.000669
0.000648
0.000640
0.000707
0.000654
0.000717
0.000639
0.000643
0.000582
0.000620
0.000638
0.000607
0.000596
0.000579
0.000605
0.000589
0.000581
0.000622
0.000570
0.000601
0.000620
0.000571
0.000638
0.000610
0.000553
0.000649
0.000581
0.000600
0.000562
0.000598
0.000642
0.000579
0.000625
0.000571
0.000592
0.000584
0.000594
0.000634
0.000687
0.000628
0.000589
0.000617
0.000566
0.000621
0.000575
0.000544
0.000567
0.000537
0.000563
0.000540
0.000562
0.000551
0.000552
0.000598
0.000635
0.000889
0.001179
0.000696
0.000734
0.000685
0.000574
0.000582
0.000555
0.000590
0.000534
0.000571
0.000561
0.000564
0.000574
0.000553
0.000596
0.000565
0.000548
0.000561
0.000549
0.000552
0.000531
0.000585
0.000565
0.000552
0.000581
0.000549
0.000565
0.000544
0.000572
0.000550
0.000564
0.000568
0.000549
0.000612
0.000644
0.000564
0.000586
0.000590
0.000567
0.000561
0.000577
0.000567
0.000615
0.000573
0.000555
0.000582
0.000558
0.000572
0.000550
0.000625
0.000569
0.000560
0.000569
0.000540
0.000583
0.000568
0.000650
0.000779
0.000790
0.000640
0.000748
0.000839
0.000682
0.000560
0.000579
0.000564
0.000565
0.000605
0.000568
0.000583
0.000541
0.000564
0.000546
0.000536
0.000602
0.000539
0.000569
0.000539
0.000563
0.000538
0.000580
0.000601
0.000583
0.000578
0.000551
0.000597
0.000594
0.000585
0.000660
0.000586
0.000579
0.000587
0.000570
0.000607
0.000644
0.000581
0.000594
0.000545
0.000579
0.000559
0.000646
0.000560
0.000598
0.000553
0.000564
0.000549
0.000544
0.000567
0.000558
0.000624
0.000561
0.000691
0.000779
0.000719
0.000607
0.000689
0.000782
0.000621
0.000605
0.000627
0.000650
0.000562
0.000566
0.000543
0.000570
0.000582
0.000559
0.000616
0.000547
0.000567
0.000572
0.000571
0.000561
0.000545
0.000587
0.000562
0.000606
0.000572
0.000560
0.000569
0.000540
0.000575
0.000562
0.000548
0.000591
0.000568
0.000592
0.000561
0.000592
0.000628
0.000560
0.000577
0.000554
0.000581
0.000554
0.000547
0.000589
0.000554
0.000584
0.000580
0.000587
0.000619
0.000586
0.000679
0.000633
0.000591
0.000629
0.000614
0.000665
0.000899
0.000763
0.000673
0.000634
0.000840
