0.000136
0.000121
0.000126
0.000136
0.000144
0.000140
0.000147
0.000160
0.000149
0.000157
0.000153
0.000155
0.000156
0.000193
0.000169
0.000166
0.000159
0.000157
0.000160
0.000185
0.000166
0.000165
0.000168
0.000163
0.000163
0.000231
0.000178
0.000183
0.000173
0.000172
0.000217
0.000196
0.000265
0.000298
0.000471
0.000442
0.000509
0.000328
0.000388
0.000312
0.000309
0.000246
0.000229
0.000227
0.000232
0.000204
0.000200
0.000199
0.000202
0.000272
0.000219
0.000214
0.000215
0.000238
0.000211
0.000214
0.000206
0.000221
0.000256
0.000226
0.000224
0.000241
0.000256
0.000266
0.000244
0.000253
0.000330
0.000250
0.000245
0.000268
0.000242
0.000254
0.000238
0.000285
0.000236
0.000233
0.000236
0.000289
0.000244
0.000304
0.000246
0.000323
0.000336
0.000284
0.000385
0.000320
0.000298
0.000318
0.000254
0.000244
0.000233
0.000257
0.000233
0.000229
0.000246
0.000328
0.000293
0.000299
0.000356
0.000327
0.000315
0.000357
0.000342
0.000376
0.000728
0.000768
0.000495
0.000423
0.000398
0.000424
0.000386
0.000345
0.000421
0.000311
0.000316
0.000326
0.000272
0.000265
0.000317
0.000285
0.000299
0.000343
0.000337
0.000309
0.000366
0.000296
0.000297
0.000410
0.000423
0.000537
0.000446
0.000437
0.000386
0.000345
0.000402
0.000490
0.000430
0.000696
0.000899
0.000693
0.000701
0.000571
0.000557
0.000586
0.000433
0.000535
0.000588
0.000569
0.000506
0.000532
0.000536
0.000444
0.000601
0.000432
0.000409
0.000483
0.000445
0.000403
0.000342
0.000409
0.000454
0.000561
0.000438
0.000447
0.000387
0.000383
0.000458
0.000375
0.000450
0.000378
0.000406
0.000468
0.000433
0.000510
0.000414
0.000403
0.000442
0.000448
0.000457
0.000425
0.000373
0.000415
0.000505
0.000458
0.000514
0.000481
0.000568
0.000627
0.000466
0.000494
0.000486
0.000513
0.000416
0.000392
0.000466
0.000440
0.000925
0.000843
0.000651
0.000636
0.000545
0.000583
0.000658
0.000872
0.000814
0.000726
0.000838
0.000680
0.000540
0.000558
0.000469
0.000516
0.000415
0.000611
0.000549
0.000586
0.000497
0.000485
0.000482
0.000501
0.000492
0.000505
0.000510
0.000427
0.000397
0.000471
0.000484
0.000565
0.000508
0.000535
0.000488
0.000564
0.000464
0.000577
0.000503
0.000456
0.000399
0.000425
0.000449
0.000554
0.000542
0.000607
0.000591
0.000447
0.000493
0.000450
0.000513
0.000552
0.000639
0.000544
0.000565
0.000496
0.000502
0.000467
0.000529
0.000479
0.000492
0.000455
0.000528
0.000532
0.000620
0.000581
0.000651
0.000777
0.001019
0.001049
0.000941
0.000794
0.000575
0.000474
0.000465
0.000412
0.000422
0.000479
0.000407
0.000446
0.000417
0.000467
0.000460
0.000516
0.000460
0.000473
0.000463
0.000446
0.000434
0.000428
0.000417
0.000421
0.000630
0.000610
0.000507
0.000516
0.000451
0.000456
0.000418
0.000428
0.000392
0.000395
0.000497
0.000408
0.000479
0.000486
0.000554
0.000517
0.000612
0.000648
0.000627
0.000626
0.000683
0.000618
0.000540
0.000562
0.000513
0.000516
0.000518
0.000576
0.000620
0.000606
0.000593
0.000586
0.000740
0.000638
0.000591
0.000558
0.000581
0.001326
0.001947
0.001595
0.000698
0.000570
0.000482
0.000471
0.000470
0.000568
0.000671
0.000648
0.000657
0.000679
0.000608
0.000593
0.000630
0.000547
0.000544
0.000464
0.000518
0.000528
0.000571
0.000454
0.000519
0.000458
0.000499
0.000471
0.000568
0.000617
0.000552
0.000720
0.000751
0.000633
0.000716
0.000715
0.000638
0.000792
0.000807
0.000960
0.000763
0.000585
0.000898
0.000962
0.000894
0.000610
0.000560
0.000564
0.000552
0.000588
0.000670
0.001087
0.001323
0.001095
0.000815
0.000638
0.000529
0.000605
0.000549
0.000632
0.000613
0.000582
0.000564
0.000568
0.000651
0.000601
0.000566
0.000545
0.000513
0.000543
0.000512
0.000566
0.000543
0.000558
0.000542
0.000538
0.000586
0.000590
0.000539
0.000577
0.000554
0.000620
0.000733
0.000689
0.000668
0.000771
0.000649
0.000638
0.000658
0.000622
0.000562
0.000756
0.000659
0.000664
0.000683
0.000641
0.000613
0.000733
0.000801
0.000921
0.001151
0.001219
0.000954
0.000925
0.000686
0.000732
0.000687
0.000608
0.000652
0.000753
0.000750
0.000716
0.000780
0.000769
0.000690
0.000623
0.000678
0.000727
0.000703
0.000739
0.000634
0.000603
0.000625
0.000709
0.000663
0.000707
0.000729
0.000726
0.000644
0.000651
0.000651
0.000616
0.000741
0.000757
0.000751
0.000695
0.000753
0.000633
0.000566
0.000573
0.000569
0.000711
0.000613
0.000580
0.000615
0.000607
0.000620
0.000703
0.001136
0.001480
0.001563
0.001157
0.001030
0.000997
0.001022
0.000999
0.000935
0.000937
0.000959
0.000963
0.000903
0.000939
0.001005
0.000919
0.000949
0.000922
0.000916
0.000924
0.000943
0.000851
0.000785
0.000863
0.000809
0.000788
0.000778
0.000777
0.000768
0.000853
0.000843
0.000788
0.000671
0.000744
0.000777
0.000782
0.001433
0.001191
0.001093
0.001056
0.000750
0.000725
0.000924
0.000721
0.000765
0.000697
0.000812
0.000726
0.000762
0.000717
0.000754
0.000737
0.000787
0.000703
0.000797
0.000751
0.000706
0.000821
0.000730
0.000694
0.000778
0.000747
0.000802
0.000697
0.000783
0.000738
0.000699
0.000629
0.000736
0.000727
0.000601
0.000828
0.000939
0.000927
0.000845
0.000681
0.000777
0.000968
0.001654
0.001009
0.000853
0.000695
0.000632
0.000642
0.000613
0.000660
0.000808
0.000722
0.000669
0.000608
0.000622
0.000729
0.000651
0.000743
0.000807
0.000768
0.000726
0.000764
0.000789
0.000805
0.000716
0.000774
0.000749
0.000742
0.000673
0.000766
0.000748
0.000762
0.000797
0.000724
0.000812
0.000810
0.000743
0.000750
0.000770
0.000791
0.000808
0.000788
0.000767
0.001056
0.001129
0.001135
0.001109
0.001039
0.000800
0.000761
0.000767
0.000878
0.000814
0.000763
0.000787
0.000817
0.000729
0.000653
0.000598
0.000676
0.000719
0.000672
0.000710
0.000678
0.000660
0.000664
0.000680
0.000641
0.000602
0.000629
0.000646
0.000712
0.000636
0.000601
0.000672
0.000848
0.000801
0.000761
0.000728
0.000780
0.000776
0.000908
0.000766
0.000783
0.000736
0.001036
0.001240
0.001274
0.001152
0.000966
0.000746
0.000702
0.000738
0.000820
0.000794
0.000794
0.000825
0.000632
0.000778
0.000676
0.000671
0.000687
0.000700
0.000701
0.000690
0.000721
0.000718
0.000654
0.000698
0.000700
0.000725
0.000645
0.000704
0.000771
0.000755
0.000733
0.000735
0.000736
0.000706
0.000696
0.000754
0.000688
0.000695
0.000680
0.000694
0.000690
0.000678
0.000678
0.000689
0.000645
0.000725
0.000870
0.001646
0.001212
0.000902
0.000803
0.000719
0.000681
0.000726
0.000804
0.000730
0.000755
0.000701
0.000659
0.000682
0.000678
0.000690
0.000674
0.000735
0.000736
0.000678
0.000645
0.000705
0.000657
0.000697
0.000708
0.000681
0.000662
0.000677
0.000692
0.000676
0.000688
0.000690
0.000681
0.000786
0.000724
0.000716
0.000756
0.000797
0.000780
0.000727
0.000722
0.000723
0.000725
0.000932
0.000927
0.001326
0.001128
0.001140
0.000771
0.000714
0.000685
0.000669
0.000719
0.000738
0.000682
0.000739
0.000704
0.000695
0.000713
0.000757
0.000722
0.000666
0.000748
0.000718
0.000672
0.000692
0.000682
0.000648
0.000685
0.000683
0.000728
0.000723
0.000724
0.000700
0.000673
0.000798
0.000849
0.000735
0.000728
0.000662
0.000760
0.000735
0.000682
0.000669
0.000696
0.000740
0.000715
0.000926
0.000982
0.001485
0.001176
0.000869
0.000772
0.000691
0.000696
0.000751
0.000777
0.000741
0.000715
0.000726
0.000837
0.000810
0.000714
0.000678
0.000856
0.000943
0.000768
0.000690
0.000680
0.000733
0.000733
0.000766
0.000713
0.000723
0.000710
0.000731
0.000707
0.000723
0.000746
0.000726
0.000693
0.000773
0.000717
0.000702
0.000688
0.000697
0.000723
0.000727
0.000777
0.000854
0.000916
0.001389
0.001199
0.000839
0.000754
0.000744
0.000776
0.000723
0.000716
0.000755
0.000780
0.000777
0.000683
0.000757
0.000742
0.000715
0.000708
0.000767
0.000743
0.000720
0.000759
0.000759
0.000877
0.000911
0.000870
0.000730
0.000723
0.000763
0.000725
0.000730
0.000688
0.000845
0.000778
0.000710
0.000729
0.000734
0.000735
0.000728
0.000710
0.000772
0.000791
0.000747
0.000720
0.000838
0.000957
0.001446
0.001231
0.000980
0.000755
0.000759
0.000736
0.000819
0.000760
0.000770
0.000731
0.000732
0.000731
0.000721
0.000751
0.000714
0.000734
0.000736
0.000719
0.000752
0.000755
0.000745
0.000813
0.000750
0.000912
0.000779
0.000728
0.000702
0.000702
0.000839
0.000749
0.000773
0.000762
0.000787
0.000833
0.000747
0.000768
0.000702
0.000778
0.000942
0.000955
0.001253
0.001319
0.001028
0.000763
0.000775
0.000746
0.000767
0.000786
0.000801
0.000774
0.000745
0.000778
0.000816
0.000748
0.000742
0.000750
0.000749
0.000772
0.000721
0.000740
0.000830
0.000789
0.000779
0.000769
0.000732
0.000737
0.000766
0.000731
0.000714
0.000809
0.000817
0.000788
0.000707
0.000771
0.000802
0.000743
0.000758
0.000711
0.000717
0.000756
0.000855
0.001235
0.001471
0.001291
0.000864
0.000780
0.000797
0.000807
0.000860
0.000863
0.000817
0.000777
0.000770
0.000712
0.000718
0.000687
0.000818
0.000764
0.000792
0.000790
0.000730
0.000791
0.000774
0.000773
0.000762
0.000719
0.000805
0.000741
0.000752
0.000703
0.000852
0.000881
0.000734
0.000768
0.000798
0.000818
0.000831
0.000833
0.000879
0.000781
0.000951
0.001256
0.001267
0.001263
0.001374
0.001090
0.001050
0.001122
0.001091
0.000971
0.000936
0.000991
0.000838
0.000827
0.000798
0.000791
0.000855
0.000902
0.000879
0.000796
0.000831
0.000930
0.000851
0.000799
0.000876
0.000893
