0.000119
0.000136
0.000144
0.000152
0.000217
0.000158
0.000162
0.000164
0.000177
0.000168
0.000185
0.000175
0.000176
0.000177
0.000181
0.000214
0.000183
0.000183
0.000183
0.000192
0.000208
0.000188
0.000194
0.000189
0.000191
0.000253
0.000199
0.000200
0.000200
0.000193
0.000230
0.000249
0.000300
0.000379
0.000374
0.000348
0.000696
0.000653
0.000412
0.000494
0.000361
0.000313
0.000536
0.000349
0.000323
0.000248
0.000234
0.000230
0.000297
0.000232
0.000225
0.000225
0.000244
0.000231
0.000225
0.000227
0.000271
0.000245
0.000246
0.000242
0.000286
0.000249
0.000227
0.000243
0.000274
0.000237
0.000230
0.000233
0.000292
0.000238
0.000239
0.000243
0.000270
0.000240
0.000234
0.000241
0.000267
0.000237
0.000238
0.000245
0.000297
0.000294
0.000288
0.000350
0.000306
0.000311
0.000340
0.000286
0.000258
0.000266
0.000280
0.000261
0.000255
0.000283
0.000246
0.000311
0.000268
0.000292
0.000278
0.000274
0.000369
0.000373
0.000373
0.000543
0.000430
0.000417
0.000408
0.000535
0.000595
0.000456
0.000426
0.000375
0.000470
0.000434
0.000430
0.000477
0.000363
0.000393
0.000344
0.000309
0.000336
0.000291
0.000299
0.000352
0.000368
0.000339
0.000415
0.000360
0.000391
0.000333
0.000309
0.000385
0.000754
0.001566
0.001368
0.001211
0.000630
0.000641
0.000465
0.000694
0.000945
0.000883
0.000719
0.000540
0.000453
0.000389
0.000398
0.000421
0.000390
0.000420
0.000355
0.000341
0.000386
0.000396
0.000449
0.000429
0.000511
0.000397
0.000385
0.000388
0.000361
0.000368
0.000354
0.000329
0.000409
0.000388
0.000427
0.000381
0.000369
0.000464
0.000628
0.000843
0.000750
0.000587
0.000535
0.000420
0.000493
0.000504
0.000538
0.000431
0.000524
0.000419
0.000473
0.000427
0.000449
0.000401
0.000414
0.000379
0.000360
0.000447
0.000366
0.000444
0.000532
0.000563
0.000464
0.000542
0.001218
0.001529
0.001024
0.001065
0.000797
0.000618
0.000550
0.000499
0.000529
0.000465
0.000528
0.000449
0.000500
0.000487
0.000515
0.000461
0.000503
0.000454
0.000599
0.000586
0.000547
0.000530
0.000503
0.000518
0.000438
0.000543
0.000453
0.000475
0.000488
0.000531
0.000462
0.000477
0.000428
0.000527
0.000566
0.000629
0.001191
0.000865
0.000729
0.000635
0.000608
0.000555
0.000503
0.000496
0.000596
0.000631
0.000506
0.000522
0.000491
0.000511
0.000449
0.000512
0.000466
0.000532
0.000461
0.000936
0.001585
0.001330
0.001203
0.000820
0.000945
0.000741
0.000694
0.000542
0.000544
0.000515
0.000525
0.000516
0.000591
0.000684
0.000648
0.000724
0.000665
0.000612
0.000538
0.000553
0.000512
0.000560
0.000494
0.000561
0.000543
0.000514
0.000567
0.000505
0.000580
0.000643
0.000641
0.000633
0.000561
0.000590
0.000550
0.000522
0.000544
0.000508
0.000534
0.000505
0.000612
0.000531
0.000637
0.000589
0.000586
0.000601
0.000554
0.000564
0.000548
0.000576
0.000701
0.001195
0.001885
0.001302
0.000873
0.000956
0.000720
0.000667
0.000626
0.000551
0.000593
0.000588
0.000531
0.000626
0.000580
0.000592
0.000555
0.000530
0.000622
0.000570
0.000621
0.000602
0.000571
0.000582
0.000532
0.000557
0.000550
0.000633
0.000644
0.000589
0.000692
0.000880
0.000846
0.000794
0.000694
0.000749
0.000659
0.000683
0.000641
0.000631
0.000581
0.000676
0.000670
0.000598
0.000727
0.000695
0.000672
0.000589
0.001181
0.001569
0.001378
0.001012
0.000760
0.000676
0.000645
0.000574
0.000684
0.000697
0.000681
0.000690
0.000722
0.000662
0.000592
0.000641
0.000613
0.000595
0.000641
0.000603
0.000666
0.000662
0.000606
0.000681
0.000664
0.000593
0.000626
0.000637
0.000699
0.000866
0.000834
0.000919
0.000756
0.000713
0.000644
0.000663
0.000619
0.000596
0.000648
0.000610
0.000702
0.000664
0.000653
0.000628
0.000647
0.000739
0.001201
0.001569
0.001636
0.001110
0.000871
0.000853
0.000810
0.000734
0.000648
0.000666
0.000639
0.000647
0.000770
0.000715
0.000639
0.000661
0.000659
0.000633
0.000737
0.000815
0.001350
0.000937
0.001945
0.000713
0.000679
0.000620
0.000689
0.001173
0.001116
0.000782
0.000814
0.000784
0.000712
0.000704
0.000693
0.000676
0.000646
0.000726
0.000709
0.000708
0.001412
0.001722
0.001762
0.000979
0.000793
0.000698
0.000731
0.000707
0.000795
0.000726
0.000762
0.000789
0.000692
0.000658
0.000736
0.000698
0.000652
0.000710
0.000687
0.000653
0.000805
0.000750
0.000717
0.000793
0.000837
0.000995
0.000919
0.000795
0.000756
0.000715
0.000716
0.000701
0.000727
0.000720
0.000727
0.000802
0.000776
0.000760
0.000725
0.001199
0.002062
0.001374
0.001276
0.000830
0.000790
0.000831
0.000888
0.000942
0.000776
0.000774
0.000865
0.000890
0.000795
0.000709
0.000749
0.000868
0.000867
0.000867
0.000786
0.000776
0.000710
0.000781
0.000890
0.000939
0.000962
0.000849
0.000772
0.000799
0.000794
0.000781
0.000896
0.000859
0.000764
0.000770
0.000784
0.000772
0.000870
0.001402
0.002020
0.001528
0.000844
0.000779
0.000784
0.000783
0.000850
0.000770
0.000764
0.000912
0.000859
0.000764
0.000741
0.000687
0.000911
0.000874
0.000773
0.000731
0.000743
0.000717
0.000787
0.000885
0.000899
0.000924
0.000963
0.000876
0.000824
0.000791
0.000807
0.000764
0.000750
0.000721
0.000738
0.000803
0.000873
0.000841
0.001423
0.001778
0.001340
0.000995
0.000983
0.000998
0.000853
0.000803
0.000832
0.000843
0.000931
0.000935
0.000884
0.000846
0.000822
0.000801
0.000816
0.000869
0.001110
0.001134
0.000887
0.000983
0.000913
0.000851
0.000856
0.000936
0.000949
0.000891
0.000807
0.000782
0.000861
0.000850
0.000814
0.000804
0.000781
0.000868
0.001373
0.002054
0.001414
0.001122
0.000847
0.000809
0.000796
0.000858
0.000790
0.000735
0.000862
0.000963
0.000904
0.000823
0.000785
0.000790
0.000746
0.000871
0.000862
0.000824
0.000772
0.000944
0.000938
0.001012
0.001043
0.000940
0.000901
0.000787
0.000777
0.000855
0.001010
0.000943
0.001390
0.001302
0.001350
0.002440
0.001672
0.000988
0.000939
0.000937
0.000880
0.000873
0.000897
0.001023
0.000947
0.000937
0.000849
0.000927
0.000940
0.000933
0.000889
0.000869
0.000917
0.001048
0.001303
0.001129
0.001130
0.001009
0.000929
0.000931
0.000892
0.000914
0.000920
0.000878
0.000919
0.000946
0.001447
0.001996
0.001477
0.000964
0.000946
0.000911
0.000913
0.001076
0.001147
0.001460
0.001279
0.001003
0.001010
0.001007
0.000953
0.000915
0.000894
0.000829
0.000855
0.001073
0.001053
0.001006
0.000968
0.000881
0.000887
0.000851
0.000939
0.000952
0.000929
0.001075
0.001031
0.001013
0.001076
0.001621
0.002196
0.002062
0.001121
0.000978
0.000891
0.000890
0.000826
0.000830
0.000929
0.000856
0.000850
0.000904
0.001059
0.001001
0.001028
0.000960
0.000992
0.001018
0.001013
0.001068
0.000969
0.000919
0.000904
0.000895
0.000873
0.000827
0.000863
0.000850
0.000860
0.001081
0.002022
0.001857
0.001476
0.001069
0.001136
0.000962
0.000891
0.000806
0.000922
0.000978
0.000914
0.000869
0.000884
0.000889
0.000888
0.000885
0.000844
0.000789
0.000945
0.000935
0.001006
0.001054
0.001120
0.001018
0.000935
0.000880
0.000919
0.000940
0.000921
0.000861
0.000859
0.000945
0.000863
0.001146
0.002493
0.001710
0.001157
0.001032
0.000999
0.000909
0.000863
0.000951
0.000912
0.000890
0.000897
0.000845
0.000867
0.000899
0.000869
0.000936
0.000887
0.000928
0.000964
0.000968
0.001170
0.001274
0.001120
0.000956
0.000955
0.000965
0.000961
0.000970
0.000985
0.000977
0.000891
0.000925
0.001769
0.002147
0.001371
0.001044
0.000945
0.001005
0.000960
0.000897
0.000911
0.000954
0.000888
0.000958
0.000932
0.000929
0.000933
0.000921
0.000986
0.000892
0.000991
0.001061
0.001068
0.001276
0.001081
0.001006
0.000976
0.000997
0.000981
0.000916
0.000917
0.000901
0.000887
0.001166
0.002435
0.001485
0.001242
0.000977
0.000916
0.000991
0.000946
0.001135
0.001190
0.001104
0.001141
0.001744
0.001450
0.001236
0.000993
0.001375
0.001506
0.001359
0.001063
0.000914
0.000907
0.001095
0.001350
0.001682
0.001545
0.001895
0.001677
0.001597
0.001265
0.001114
0.001223
0.001372
0.001065
0.000977
0.000989
0.000988
0.000928
0.000898
0.000887
0.000923
0.000943
0.000961
0.000949
0.001160
0.001168
0.001170
0.000996
0.000932
0.001005
0.000936
0.000918
0.000890
0.000873
0.000894
0.000934
0.000986
0.001615
0.001518
0.001386
0.001417
0.000991
0.001028
0.001035
0.000933
0.000975
0.001038
0.000994
0.000937
0.000905
0.000911
0.001010
0.000985
0.000908
0.000906
0.000877
0.000912
0.000929
0.000971
0.001582
0.000936
0.000948
0.000962
0.000960
0.000977
0.000970
0.001174
0.001210
0.001511
0.001542
0.001443
0.001409
0.001097
0.001259
0.001168
0.001296
0.001497
0.001513
0.001337
0.001699
0.001252
0.001476
0.001507
0.001666
0.001575
0.001364
0.001672
0.001862
0.001635
0.001490
0.001147
0.001629
0.002019
0.002068
0.002062
0.001391
0.001137
0.001297
0.001064
0.001187
0.001122
0.001355
0.001586
0.001709
0.001606
0.002725
0.002713
0.001950
0.002162
0.001329
0.001297
0.001856
0.001725
0.001646
0.001479
0.001773
0.001399
0.001070
0.001031
0.001113
0.001064
0.001079
0.001144
0.001142
0.001196
0.001141
0.001273
0.001184
0.001633
0.001496
0.001278
0.001063
0.001082
0.001072
0.001014
0.000965
0.000948
0.001277
0.001752
0.001399
0.001858
0.001680
0.001409
0.000964
0.000996
0.001043
0.001035
0.001027
0.000981
0.001129
0.001038
0.000956
0.000964
0.001004
0.000967
0.001002
0.001329
0.001668
0.001433
0.001040
0.000991
0.000955
0.000923
0.000944
0.000924
0.000954
0.001077
