0.000450
0.001227
0.001946
0.002794
0.003614
0.004375
0.005212
0.005981
0.003275
0.003133
0.003426
0.003782
0.004063
0.004478
0.004811
0.005076
0.003120
0.002910
0.003078
0.003335
0.003399
0.003586
0.003781
0.003801
0.003922
0.004284
0.004425
0.004629
0.004606
0.004723
0.005193
0.004935
0.004333
0.003367
0.003020
0.003162
0.003190
0.003371
0.003441
0.003556
0.003681
0.003595
0.003676
0.003907
0.003983
0.004004
0.004113
0.004287
0.004370
0.004284
0.004484
0.004589
0.004676
0.004750
0.004836
0.004972
0.004921
0.005285
0.005053
0.005227
0.005279
0.005555
0.004822
0.005036
0.004688
0.004793
0.004059
0.003966
0.003581
0.003512
0.003493
0.003656
0.003670
0.003620
0.003671
0.003729
0.003794
0.003813
0.004006
0.004043
0.004010
0.004013
0.004218
0.004049
0.004081
0.004310
0.004323
0.004372
0.004259
0.004447
0.004435
0.004569
0.004632
0.004627
0.004536
0.004745
0.004732
0.004816
0.004961
0.004930
0.004939
0.004969
0.005021
0.005133
0.005214
0.005195
0.005351
0.005266
0.005419
0.005419
0.005587
0.005474
0.005520
0.005571
0.005748
0.005721
0.005789
0.005852
0.005862
0.006021
0.006021
0.006001
0.006060
0.005843
0.005905
0.005589
0.005451
0.005448
0.005371
0.005408
0.005256
0.005263
0.005056
0.005017
0.004995
0.003527
0.002967
0.003108
0.002887
0.002812
0.002747
0.002821
0.002844
0.002951
0.002880
0.002935
0.002996
0.002899
0.002882
0.003105
0.003112
0.002993
0.003113
0.003146
0.003026
0.003085
0.003230
0.003091
0.003017
0.003229
0.003470
0.003321
0.003277
0.003290
0.003321
0.003250
0.003275
0.003264
0.003423
0.003339
0.003478
0.003536
0.003438
0.003331
0.003536
0.003356
0.003502
0.003698
0.003604
0.003718
0.003644
0.003693
0.003518
0.003741
0.003566
0.003707
0.003792
0.003809
0.003792
0.003963
0.003604
0.003850
0.003672
0.003779
0.003867
0.003983
0.003865
0.003951
0.004112
0.003884
0.003977
0.004129
0.004035
0.004158
0.003865
0.004010
0.004225
0.004217
0.004129
0.004159
0.004257
0.004282
0.004088
0.004145
0.004193
0.004188
0.004195
0.004191
0.004385
0.004388
0.004229
0.004414
0.004401
0.004181
0.004315
0.004229
0.004427
0.004360
0.004212
0.004402
0.004513
0.004560
0.004519
0.004715
0.004568
0.004661
0.004831
0.004616
0.004625
0.004611
0.004832
0.005061
0.004808
0.004672
0.004845
0.004603
0.004623
0.004740
0.004693
0.004532
0.004643
0.004430
0.004187
0.004197
0.004265
0.004238
0.004002
0.004098
0.004078
0.003826
0.003822
0.003883
0.003643
0.003706
0.003699
0.003600
0.003698
0.003729
0.003711
0.003646
0.003710
0.003396
0.003580
0.003662
0.003507
0.003454
0.003164
0.003266
0.002941
0.002953
0.002875
0.002923
0.002960
0.003061
0.002959
0.003097
0.002929
0.002884
0.003093
0.003048
0.002970
0.003051
0.003071
0.003114
0.003049
0.003124
0.002994
0.003046
0.003213
0.003246
0.003114
0.003149
0.003068
0.003014
0.003122
0.003144
0.003213
0.003191
0.003246
0.003146
0.003130
0.003052
0.003078
0.003111
0.003132
0.003125
0.003249
0.003267
0.003164
0.003274
0.003664
0.003322
0.003268
0.003232
0.003279
0.003242
0.003225
0.003239
0.003372
0.003417
0.003274
0.003405
0.003290
0.003380
0.003386
0.003383
0.003488
0.003380
0.003371
0.003617
0.003653
0.003424
0.003565
0.003403
0.003574
0.003628
0.003601
0.003434
0.003562
0.003893
0.003786
0.003685
0.003525
0.003648
0.003506
0.003641
0.003589
0.003578
0.003857
0.003761
0.003637
0.003687
0.003619
0.003616
0.003622
0.003639
0.003774
0.003735
0.003884
0.003791
0.003964
0.003658
0.003821
0.003777
0.003763
0.003741
0.004020
0.003879
0.003676
0.003818
0.003665
0.003861
0.003902
0.003791
0.004028
0.004120
0.003835
0.003711
0.003769
0.003768
0.003978
0.003815
0.003899
0.004487
0.003974
0.015017
0.004286
0.011247
0.007379
0.004582
0.004037
0.004316
0.004137
0.012203
0.012200
0.004290
0.004055
0.005015
0.004332
0.004202
0.004039
0.004053
0.004260
0.004215
0.004205
0.004206
0.004525
0.004445
0.004279
0.004258
0.004286
0.004177
0.004303
0.004250
0.004527
0.004160
0.004324
0.004448
0.004117
0.004486
0.004394
0.004546
0.004440
0.004468
0.004418
0.004349
0.004273
0.004441
0.004539
0.004546
0.004491
0.004273
0.004533
0.004354
0.004176
0.004334
0.004522
0.004637
0.004538
0.004288
0.004504
0.004554
0.004405
0.004505
0.004602
0.004610
0.004716
0.004607
0.004619
0.004457
0.004582
0.004741
0.004679
0.004634
0.004732
0.004709
0.004622
0.004794
0.005123
0.004815
0.004758
0.004652
0.004670
0.004720
0.004899
0.004935
0.004693
0.004724
0.004980
0.004975
0.004779
0.004911
0.005053
0.004831
0.004669
0.004883
0.004914
0.004917
0.005164
0.004916
0.004558
0.005086
0.005033
0.004547
0.004558
0.005049
0.004723
0.004829
0.004335
0.004363
0.004349
0.004491
0.012576
0.004622
0.004286
0.004337
0.004294
0.011309
0.004319
0.004329
0.004292
0.004409
0.004111
0.004310
0.004254
0.004303
0.004132
0.004110
0.003989
0.003995
0.004111
0.004010
0.004092
0.004215
0.003813
0.003885
0.003975
0.003995
0.003865
0.004012
0.003871
0.003942
0.004183
0.003884
0.003905
0.003792
0.003989
0.004001
0.003928
0.003770
0.004061
0.003914
0.003717
0.003721
0.003699
0.003854
0.003721
0.003719
0.003764
0.003717
0.003636
0.003557
0.003502
0.003427
0.003237
0.003337
0.003191
0.003143
0.003345
0.003530
0.003196
0.003090
0.003111
0.003319
0.003033
0.003112
0.003160
0.003078
0.003432
0.003421
0.003206
0.003247
0.003065
0.003068
0.003064
0.003049
0.003160
0.003200
0.003148
0.003755
0.003231
0.003293
0.003132
0.003205
0.003263
0.003270
0.003323
0.003158
0.003242
0.004084
0.003329
0.003421
0.003209
0.003228
0.003160
0.003172
0.003245
0.003192
0.003199
0.003857
0.003349
0.003292
0.003237
0.003305
0.003539
0.003401
0.003342
0.003381
0.003424
0.003829
0.003490
0.003312
0.003555
0.003425
0.003735
0.003532
0.003424
0.003437
0.003870
0.004159
0.003468
0.003424
0.003562
0.003606
0.003595
0.003391
0.003422
0.003480
0.003703
0.003568
0.003437
0.003366
0.003535
0.003461
0.003516
0.003406
0.003600
0.003933
0.003883
0.004735
0.011444
0.006719
0.003465
0.004747
0.005906
0.003379
0.006019
0.003553
0.003477
0.010844
0.004735
0.003586
0.003492
0.004321
0.003693
0.003339
0.004385
0.007726
0.003716
0.003464
0.003651
0.003478
0.003609
0.003771
0.003584
0.004218
0.003806
0.003699
0.003803
0.003548
0.003511
0.003612
0.003620
0.003591
0.004328
0.003855
0.003827
0.003564
0.003633
0.003782
0.003569
0.003637
0.003770
0.005427
0.003752
0.003703
0.003837
0.003956
0.003686
0.003672
0.003801
0.003789
0.004299
0.003806
0.003888
0.003543
0.003675
0.003879
0.003867
0.003719
0.004213
0.003870
0.004110
0.003863
0.003808
0.003985
0.003821
0.004009
0.004181
0.004054
0.003628
0.003684
0.003800
0.003891
0.003752
0.003843
0.003879
0.003958
0.003934
0.003808
0.003898
0.003820
0.003921
0.003846
0.003850
0.003775
0.004132
0.003864
0.003952
0.003856
0.003866
0.003880
0.003813
0.003711
0.004010
0.004067
0.004105
0.003844
0.003917
0.004072
0.003887
0.004112
0.003900
0.004277
0.003980
0.004030
0.003867
0.004078
0.003864
0.004078
0.003909
0.004320
0.004145
0.003940
0.003910
0.004030
0.004062
0.004066
0.003839
0.004339
0.004396
0.003929
0.003997
0.003774
0.003991
0.004175
0.003967
0.004295
0.004318
0.004220
0.004012
0.004076
0.003975
0.004076
0.003990
0.004241
0.004166
0.003914
0.004093
0.004077
0.004254
0.003999
0.004046
0.004075
0.004527
0.004098
0.003978
0.004072
0.004333
0.004145
0.004326
0.004283
0.004332
0.004292
0.004224
0.004267
0.004118
0.004236
0.004213
0.004559
0.004360
0.004268
0.004245
0.004170
0.004160
0.004048
0.004352
0.004337
0.004620
0.004295
0.004279
0.004173
0.004091
0.004093
0.004180
0.005070
0.004274
0.004108
0.004293
0.004164
0.004215
0.004181
0.004401
0.005506
0.004572
0.004462
0.004352
0.004312
0.004243
0.004437
0.004935
0.004603
0.004438
0.004500
0.004339
0.004583
0.004416
0.004918
0.004658
0.004470
0.004540
0.004411
0.004392
0.004620
0.004776
0.004920
0.004495
0.004548
0.004652
0.004660
0.004583
0.004659
0.005016
0.004665
0.004592
0.004341
0.004659
0.004478
0.004584
0.005104
0.004678
0.004482
0.004731
0.004615
0.004668
0.004431
0.005210
0.004789
0.004650
0.004700
0.004572
0.004779
0.004727
0.006072
0.004754
0.004862
0.004915
0.004584
0.004797
0.004862
0.005280
0.004632
0.004754
0.004686
0.004919
0.004742
0.005513
0.006122
0.007733
0.004610
0.004709
0.004638
0.004870
0.005139
0.008245
0.004848
0.004942
0.004618
0.004757
0.005329
0.006535
0.005482
0.004804
0.004876
0.004828
0.005120
0.004946
0.004761
0.004950
0.004922
0.004783
0.004912
0.005206
0.004898
0.004952
0.004714
0.004891
0.004890
0.004848
0.005004
0.004740
0.004848
0.004857
0.004857
0.004921
0.004917
0.005016
0.004987
0.004804
0.004741
0.004982
0.004875
0.005080
0.004887
0.004897
0.004935
0.004979
0.004992
0.005029
0.005486
0.004856
0.004983
0.004991
0.005174
0.004709
0.004948
0.005596
0.004825
0.004919
0.004791
0.005064
0.004745
0.005088
0.005128
0.004898
0.004927
0.005008
0.005090
0.005005
0.005207
0.005110
0.005050
0.005051
0.004981
0.005260
0.005321
0.005283
0.005072
0.005098
0.004950
0.004978
0.005055
0.005654
0.004879
0.005141
0.004848
0.004697
0.005233
0.005146
0.005480
0.005120
0.005038
0.004935
0.005243
0.004937
0.005427
0.004894
0.004871
0.004534
0.004653
0.004703
0.005006
0.005368
0.004810
0.004721
0.004935
0.004818
0.004728
0.004940
0.004963
