0.000157
0.000164
0.000185
0.000183
0.000195
0.000203
0.000204
0.000208
0.000232
0.000208
0.000211
0.000217
0.000218
0.000236
0.000221
0.000227
0.000234
0.000274
0.000232
0.000237
0.000239
0.000237
0.000238
0.000247
0.000245
0.000276
0.000250
0.000248
0.000252
0.000262
0.000255
0.000262
0.000254
0.000270
0.000262
0.000262
0.000268
0.000255
0.000250
0.000259
0.000294
0.000267
0.000267
0.000265
0.000289
0.000271
0.000283
0.000363
0.000326
0.000327
0.000295
0.000331
0.000278
0.000282
0.000329
0.000289
0.000290
0.000307
0.000300
0.000295
0.000295
0.000320
0.000290
0.000292
0.000314
0.000288
0.000283
0.000359
0.000290
0.000293
0.000300
0.000288
0.000288
0.000286
0.000304
0.000298
0.000287
0.000308
0.000301
0.000294
0.000319
0.000295
0.000298
0.000322
0.000312
0.000296
0.000310
0.000328
0.000302
0.000312
0.000356
0.000381
0.000432
0.000385
0.000360
0.000375
0.000345
0.000320
0.000356
0.000344
0.000382
0.000365
0.000374
0.000464
0.000506
0.000548
0.000428
0.000561
0.000926
0.000671
0.000531
0.000440
0.000395
0.000375
0.000414
0.000434
0.000404
0.000415
0.000395
0.000418
0.000368
0.000361
0.000365
0.000350
0.000351
0.000363
0.000347
0.000414
0.000393
0.000395
0.000392
0.000410
0.000401
0.000368
0.000375
0.000390
0.000367
0.000367
0.000394
0.000373
0.000395
0.000457
0.000481
0.000520
0.000503
0.000540
0.000594
0.000460
0.000477
0.000433
0.000482
0.000404
0.000407
0.000401
0.000415
0.000374
0.000397
0.000389
0.000402
0.000504
0.000502
0.000492
0.000446
0.000440
0.000410
0.000441
0.000545
0.000491
0.000515
0.000538
0.000473
0.000464
0.000415
0.000436
0.000409
0.000422
0.000539
0.000525
0.000474
0.000555
0.000499
0.000501
0.000442
0.000461
0.000424
0.000459
0.000440
0.000459
0.000456
0.000467
0.000480
0.000489
0.000468
0.000511
0.000461
0.000472
0.000672
0.000814
0.000672
0.000643
0.000719
0.000625
0.000555
0.000649
0.000600
0.000764
0.000621
0.000616
0.000557
0.000607
0.000525
0.000541
0.000494
0.000512
0.000526
0.000521
0.000549
0.000495
0.000484
0.000466
0.000474
0.000453
0.000489
0.000456
0.000533
0.000555
0.000535
0.000538
0.000491
0.000594
0.000572
0.000565
0.000540
0.000554
0.000550
0.000641
0.000743
0.000646
0.000550
0.000583
0.000540
0.000542
0.000502
0.000578
0.000586
0.000550
0.000527
0.000499
0.000544
0.000530
0.000597
0.000542
0.000566
0.000588
0.000529
0.000554
0.000523
0.000589
0.000593
0.000610
0.000613
0.000539
0.000550
0.000575
0.000843
0.000882
0.000688
0.000654
0.000625
0.000589
0.000578
0.000548
0.000639
0.000629
0.000590
0.000651
0.000591
0.000643
0.000601
0.000593
0.000660
0.000817
0.000794
0.000683
0.000693
0.000651
0.000599
0.000605
0.000611
0.000552
0.000602
0.000560
0.000605
0.000593
0.000579
0.000654
0.000616
0.000620
0.000604
0.000596
0.000583
0.000640
0.000672
0.000614
0.000599
0.000600
0.000681
0.000712
0.000635
0.000623
0.000621
0.000616
0.000616
0.000663
0.000679
0.000674
0.000644
0.000610
0.000602
0.000605
0.000589
0.000596
0.000588
0.000617
0.000637
0.000582
0.000666
0.000665
0.000641
0.000657
0.000775
0.000754
0.000688
0.000679
0.000649
0.000631
0.000610
0.000645
0.000641
0.000697
0.000653
0.000669
0.000661
0.000644
0.000629
0.000618
0.000737
0.000717
0.000674
0.000630
0.000661
0.000665
0.000632
0.000654
0.000683
0.000691
0.000695
0.000716
0.000727
0.000675
0.000661
0.000641
0.000815
0.000869
0.000804
0.000855
0.000767
0.000706
0.000724
0.000685
0.000662
0.000847
0.000915
0.000870
0.000881
0.000798
0.000753
0.000697
0.000714
0.000690
0.000675
0.000666
0.000696
0.000726
0.000727
0.000744
0.000682
0.000715
0.000760
0.000709
0.000741
0.000720
0.000696
0.000673
0.000804
0.000869
0.000823
0.000757
0.000778
0.000715
0.000727
0.000713
0.000673
0.000685
0.000675
0.000708
0.000740
0.000819
0.000759
0.000734
0.000673
0.000764
0.000749
0.000734
0.000733
0.000783
0.000758
0.000787
0.000743
0.000822
0.000835
0.000888
0.000759
0.000710
0.000713
0.000793
0.000710
0.000746
0.000754
0.000786
0.000752
0.000752
0.000725
0.000752
0.000770
0.000721
0.000711
0.000735
0.000688
0.000745
0.000718
0.000733
0.000707
0.000782
0.000848
0.000850
0.000861
0.000956
0.000876
0.000783
0.000825
0.000793
0.000839
0.000807
0.000930
0.000969
0.001131
0.000892
0.000851
0.000815
0.000773
0.000761
0.000738
0.000735
0.000721
0.000757
0.000884
0.000790
0.000757
0.000795
0.000798
0.000858
0.001008
0.000929
0.000826
0.000812
0.000804
0.000816
0.000770
0.000758
0.000777
0.000924
0.000831
0.000766
0.000764
0.000833
0.000896
0.000855
0.000808
0.000894
0.000834
0.000905
0.000804
0.000809
0.000871
0.000909
0.000821
0.000802
0.000881
0.001014
0.000923
0.000893
0.000950
0.000996
0.000975
0.000975
0.000874
0.000848
0.001122
0.001034
0.000994
0.000804
0.000865
0.000872
0.000864
0.000807
0.000860
0.000863
0.000816
0.000781
0.000754
0.000775
0.000891
0.000860
0.000904
0.000804
0.000813
0.000964
0.001006
0.000979
0.000882
0.000867
0.000863
0.001035
0.000978
0.000970
0.000998
0.000911
0.000923
0.000910
0.000921
0.000898
0.000858
0.000807
0.000897
0.000942
0.000953
0.000866
0.000814
0.000930
0.000914
0.000890
0.000821
0.000886
0.000883
0.000915
0.001076
0.001228
0.001130
0.001057
0.000932
0.001001
0.000960
0.001098
0.000955
0.001016
0.000894
0.000875
0.000934
0.000916
0.000980
0.000995
0.001009
0.001037
0.000996
0.000967
0.000878
0.000950
0.001078
0.001024
0.001043
0.001020
0.000898
0.000996
0.000930
0.000879
0.000944
0.000922
0.000853
0.000934
0.000897
0.000932
0.000997
0.000988
0.001051
0.000922
0.000967
0.001124
0.001008
0.000997
0.000967
0.001010
0.001486
0.001081
0.001070
0.001005
0.001176
0.001136
0.000880
0.000969
0.000999
0.000954
0.000985
0.001469
0.001578
0.001262
0.000999
0.000925
0.000838
0.000900
0.000965
0.001078
0.001406
0.001078
0.000946
0.000943
0.000902
0.000850
0.000868
0.000980
0.000983
0.000978
0.000922
0.001009
0.000989
0.001002
0.000947
0.000913
0.001045
0.000992
0.001063
0.000954
0.001213
0.001083
0.000979
0.001045
0.001003
0.000936
0.000954
0.000884
0.000949
0.000967
0.001075
0.000976
0.000881
0.000900
0.000870
0.001067
0.001093
0.001560
0.001421
0.001409
0.001507
0.001522
0.002231
0.002055
0.001258
0.001368
0.001791
0.001342
0.001200
0.001127
0.001179
0.001079
0.001105
0.001317
0.001861
0.001332
0.001080
0.001060
0.001152
0.001180
0.001098
0.001529
0.001665
0.001933
0.001435
0.001471
0.001366
0.001483
0.001519
0.001477
0.001437
0.001346
0.001739
0.001373
0.001495
0.001918
0.002141
0.001865
0.002005
0.001661
0.001664
0.001796
0.001448
0.001540
0.001413
0.001531
0.001509
0.001451
0.001732
0.001972
0.002202
0.001562
0.001702
0.001869
0.001475
0.002143
0.001844
0.001834
0.002027
0.001958
0.001776
0.001787
0.001449
0.001645
0.001499
0.001358
0.001143
0.001264
0.001260
0.001237
0.001312
0.001536
0.001398
0.001250
0.001326
0.001559
0.002006
0.001310
0.001324
0.001042
0.001053
0.001077
0.001351
0.001401
0.001179
0.001206
0.001466
0.001390
0.001213
0.001182
0.001392
0.001455
0.001711
0.001519
0.001349
0.001077
0.001025
0.001330
0.001227
0.001099
0.001418
0.001262
0.001227
0.001250
0.001261
0.001157
0.001172
0.001134
0.001119
0.001317
0.001357
0.001160
0.001071
0.001176
0.001211
0.001230
0.001061
0.001091
0.001175
0.001143
0.001132
0.001072
0.001094
0.001147
0.001137
0.001103
0.001124
0.001317
0.001333
0.001019
0.001040
0.001113
0.001093
0.001133
0.001212
0.001121
0.001129
0.001114
0.001023
0.001087
0.001096
0.001203
0.001037
0.001142
0.001189
0.001229
0.001219
0.001193
0.001242
0.001390
0.001277
0.001165
0.001300
0.001227
0.001259
0.001252
0.001333
0.001295
0.001190
0.001217
0.001260
0.001213
0.001146
0.001091
0.001167
0.001118
0.001095
0.001082
0.001207
0.001213
0.001213
0.001310
0.001349
0.001209
0.001155
0.001294
0.001174
0.001111
0.001156
0.001050
0.001080
0.001126
0.001014
0.000965
0.000979
0.001115
0.001051
0.001061
0.001060
0.001153
0.001131
0.001042
0.000990
0.000996
0.001018
0.000950
0.000959
0.001130
0.001078
0.001015
0.000958
0.001176
0.001064
0.001102
0.001310
0.001029
0.001037
0.001200
0.001068
0.000977
0.000974
0.000984
0.001037
0.000966
0.000943
0.000920
0.000986
0.001039
0.001033
0.001002
0.000967
0.000964
0.001046
0.001164
0.001065
0.000970
0.000967
0.000964
0.000906
0.000988
0.000955
0.000950
0.001003
0.000958
0.001022
0.000985
0.001005
0.000976
0.000936
0.000932
0.000969
0.000959
0.000947
0.000934
0.000978
0.000985
0.000966
0.000968
0.001096
0.000989
0.000950
0.000964
0.001000
0.000921
0.000963
0.000970
0.000998
0.001006
0.000985
0.000931
0.000935
0.000917
0.000925
0.001001
0.000985
0.000925
0.000974
0.001009
0.001076
0.001009
0.000963
0.000990
0.000935
0.000996
0.001016
0.001002
0.001126
0.001083
0.001150
0.001008
0.000978
0.001014
0.000964
0.000947
0.000985
0.001064
0.001077
0.001176
0.001314
0.001005
0.000956
0.000952
0.000976
0.001045
0.001003
0.000998
0.001037
0.001070
0.001014
0.000972
0.000999
0.000992
0.000998
0.000987
0.000999
0.000972
0.000946
0.001024
0.001015
0.001021
0.000961
0.000945
0.000965
0.000943
0.000910
0.000921
0.000954
0.001018
0.001022
0.001087
0.001102
0.001015
0.000981
0.000983
0.000959
0.000987
0.000977
0.000988
0.000977
0.001019
0.001033
0.000999
0.001040
0.001029
0.001014
0.001004
0.001034
0.001081
