0.000064
0.000068
0.000054
0.000044
0.000047
0.000045
0.000045
0.000044
0.000042
0.000043
0.000043
0.000043
0.000045
0.000045
0.000043
0.000044
0.000047
0.000044
0.000043
0.000046
0.000046
0.000040
0.000051
0.000048
0.000044
0.000044
0.000045
0.000048
0.000045
0.000042
0.000044
0.000046
0.000044
0.000043
0.000044
0.000045
0.000043
0.000040
0.000042
0.000043
0.000043
0.000044
0.000044
0.000044
0.000116
0.000043
0.000043
0.000045
0.000051
0.000043
0.000044
0.000047
0.000042
0.000045
0.000042
0.000042
0.000045
0.000045
0.000044
0.000041
0.000043
0.000046
0.000043
0.000042
0.000045
0.000054
0.000044
0.000043
0.000044
0.000045
0.000046
0.000043
0.000042
0.000041
0.000042
0.000044
0.000044
0.000042
0.000043
0.000043
0.000045
0.000043
0.000045
0.000045
0.000044
0.000043
0.000046
0.000053
0.000043
0.000041
0.000042
0.000044
0.000044
0.000046
0.000046
0.000045
0.000046
0.000042
0.000043
0.000043
0.000045
0.000042
0.000046
0.000042
0.000043
0.000043
0.000042
0.000044
0.000044
0.000053
0.000042
0.000048
0.000043
0.000043
0.000043
0.000047
0.000047
0.000042
0.000043
0.000045
0.000044
0.000044
0.000044
0.000044
0.000042
0.000045
0.000044
0.000041
0.000047
0.000043
0.000042
0.000085
0.000045
0.000042
0.000043
0.000044
0.000044
0.000047
0.000044
0.000042
0.000044
0.000041
0.000046
0.000045
0.000044
0.000044
0.000044
0.000044
0.000044
0.000046
0.000045
0.000042
0.000051
0.000044
0.000042
0.000043
0.000046
0.000045
0.000043
0.000040
0.000048
0.000047
0.000046
0.000042
0.000043
0.000047
0.000044
0.000042
0.000044
0.000044
0.000046
0.000044
0.000043
0.000046
0.000049
0.000043
0.000046
0.000041
0.000043
0.000043
0.000041
0.000041
0.000044
0.000045
0.000046
0.000042
0.000040
0.000041
0.000044
0.000042
0.000043
0.000041
0.000046
0.000042
0.000043
0.000046
0.000054
0.000045
0.000044
0.000044
0.000044
0.000046
0.000042
0.000042
0.000043
0.000049
0.000044
0.000047
0.000045
0.000043
0.000042
0.000042
0.000044
0.000042
0.000041
0.000047
0.000042
0.000043
0.000053
0.000066
0.000044
0.000044
0.000046
0.000043
0.000043
0.000045
0.000043
0.000044
0.000047
0.000043
0.000043
0.000043
0.000042
0.000044
0.000044
0.000045
0.000044
0.000045
0.000044
0.000052
0.000044
0.000047
0.000043
0.000043
0.000042
0.000045
0.000045
0.000042
0.000044
0.000045
0.000047
0.000043
0.000043
0.000043
0.000041
0.000043
0.000044
0.000043
0.000046
0.000044
0.000044
0.000049
0.000045
0.000043
0.000043
0.000042
0.000040
0.000043
0.000044
0.000042
0.000041
0.000041
0.000047
0.000046
0.000045
0.000045
0.000044
0.000046
0.000045
0.000046
0.000045
0.000042
0.000041
0.000043
0.000055
0.000042
0.000040
0.000044
0.000044
0.000044
0.000046
0.000044
0.000045
0.000042
0.000045
0.000048
0.000043
0.000043
0.000042
0.000044
0.000042
0.000042
0.000045
0.000043
0.000042
0.000044
0.000054
0.000044
0.000042
0.000042
0.000043
0.000046
0.000042
0.000044
0.000044
0.000042
0.000043
0.000045
0.000041
0.000042
0.000044
0.000042
0.000046
0.000042
0.000045
0.000041
0.000047
0.000040
0.000077
0.000042
0.000046
0.000044
0.000043
0.000045
0.000044
0.000043
0.000041
0.000044
0.000044
0.000044
0.000045
0.000045
0.000043
0.000045
0.000042
0.000043
0.000043
0.000045
0.000044
0.000053
0.000043
0.000044
0.000044
0.000046
0.000044
0.000042
0.000042
0.000044
0.000046
0.000044
0.000044
0.000044
0.000048
0.000043
0.000045
0.000046
0.000041
0.000042
0.000044
0.000042
0.000047
0.000055
0.000044
0.000044
0.000045
0.000044
0.000042
0.000042
0.000043
0.000042
0.000045
0.000043
0.000042
0.000044
0.000043
0.000042
0.000046
0.000045
0.000044
0.000042
0.000043
0.000045
0.000044
0.000109
0.000044
0.000045
0.000041
0.000042
0.000047
0.000045
0.000043
0.000043
0.000047
0.000043
0.000042
0.000044
0.000043
0.000045
0.000042
0.000043
0.000044
0.000045
0.000042
0.000043
0.000054
0.000043
0.000042
0.000044
0.000044
0.000043
0.000041
0.000045
0.000042
0.000040
0.000043
0.000045
0.000043
0.000042
0.000042
0.000048
0.000043
0.000044
0.000044
0.000044
0.000044
0.000044
0.000052
0.000043
0.000041
0.000043
0.000042
0.000047
0.000043
0.000044
0.000042
0.000043
0.000043
0.000044
0.000042
0.000043
0.000043
0.000048
0.000044
0.000044
0.000045
0.000043
0.000041
0.000043
0.000048
0.000045
0.000044
0.000043
0.000044
0.000042
0.000042
0.000043
0.000044
0.000045
0.000042
0.000046
0.000043
0.000041
0.000044
0.000044
0.000045
0.000044
0.000044
0.000044
0.000043
0.000043
0.000042
0.000074
0.000045
0.000047
0.000045
0.000041
0.000042
0.000046
0.000042
0.000044
0.000043
0.000043
0.000042
0.000044
0.000043
0.000046
0.000047
0.000047
0.000041
0.000044
0.000044
0.000043
0.000053
0.000049
0.000044
0.000042
0.000042
0.000042
0.000044
0.000043
0.000047
0.000042
0.000043
0.000041
0.000044
0.000044
0.000040
0.000043
0.000045
0.000046
0.000042
0.000043
0.000044
0.000042
0.000050
0.000042
0.000045
0.000042
0.000044
0.000044
0.000046
0.000044
0.000043
0.000047
0.000043
0.000045
0.000045
0.000045
0.000047
0.000042
0.000042
0.000050
0.000044
0.000043
0.000042
0.000045
0.000052
0.000043
0.000046
0.000043
0.000048
0.000045
0.000040
0.000046
0.000044
0.000044
0.000043
0.000042
0.000047
0.000046
0.000043
0.000044
0.000043
0.000045
0.000047
0.000043
0.000043
0.000044
0.000051
0.000055
0.000044
0.000043
0.000044
0.000045
0.000043
0.000044
0.000043
0.000044
0.000044
0.000043
0.000045
0.000042
0.000044
0.000046
0.000042
0.000041
0.000042
0.000046
0.000045
0.000046
0.000085
0.000044
0.000043
0.000045
0.000043
0.000044
0.000044
0.000043
0.000042
0.000044
0.000042
0.000045
0.000042
0.000044
0.000042
0.000041
0.000041
0.000042
0.000047
0.000043
0.000044
0.000052
0.000044
0.000042
0.000045
0.000042
0.000042
0.000042
0.000043
0.000044
0.000043
0.000046
0.000044
0.000043
0.000044
0.000044
0.000044
0.000043
0.000044
0.000045
0.000040
0.000040
0.000042
0.000045
0.000053
0.000043
0.000044
0.000043
0.000043
0.000043
0.000043
0.000043
0.000043
0.000042
0.000043
0.000049
0.000041
0.000040
0.000060
0.000045
0.000044
0.000042
0.000046
0.000049
0.000043
0.000063
0.000043
0.000044
0.000047
0.000044
0.000047
0.000043
0.000045
0.000043
0.000044
0.000044
0.000043
0.000044
0.000044
0.000046
0.000043
0.000043
0.000042
0.000042
0.000043
0.000046
0.000052
0.000075
0.000043
0.000045
0.000043
0.000043
0.000043
0.000043
0.000042
0.000043
0.000043
0.000046
0.000043
0.000042
0.000043
0.000043
0.000042
0.000043
0.000045
0.000043
0.000042
0.000049
0.000055
0.000045
0.000041
0.000042
0.000042
0.000044
0.000042
0.000042
0.000044
0.000041
0.000042
0.000047
0.000041
0.000043
0.000042
0.000042
0.000044
0.000043
0.000044
0.000043
0.000042
0.000047
0.000089
0.000043
0.000041
0.000043
0.000043
0.000046
0.000042
0.000044
0.000042
0.000043
0.000044
0.000045
0.000043
0.000045
0.000045
0.000043
0.000044
0.000045
0.000044
0.000042
0.000044
0.000054
0.000046
0.000042
0.000045
0.000046
0.000043
0.000042
0.000043
0.000043
0.000042
0.000044
0.000046
0.000041
0.000041
0.000041
0.000043
0.000043
0.000072
0.000046
0.000041
0.000044
0.000044
0.000048
0.000048
0.000041
0.000042
0.000043
0.000044
0.000046
0.000042
0.000042
0.000046
0.000047
0.000043
0.000043
0.000043
0.000043
0.000042
0.000044
0.000044
0.000043
0.000046
0.000042
0.000042
0.000051
0.000045
0.000042
0.000044
0.000042
0.000045
0.000043
0.000043
0.000041
0.000043
0.000048
0.000045
0.000042
0.000042
0.000044
0.000042
0.000044
0.000042
0.000046
0.000043
0.000044
0.000045
0.000053
0.000044
0.000045
0.000044
0.000044
0.000043
0.000043
0.000045
0.000044
0.000045
0.000046
0.000042
0.000045
0.000043
0.000044
0.000044
0.000043
0.000044
0.000042
0.000045
0.000042
0.000043
0.000053
0.000043
0.000042
0.000042
0.000046
0.000044
0.000042
0.000043
0.000046
0.000045
0.000042
0.000043
0.000045
0.000042
0.000043
0.000043
0.000044
0.000044
0.000045
0.000044
0.000048
0.000044
0.000054
0.000079
0.000047
0.000047
0.000044
0.000047
0.000043
0.000041
0.000045
0.000046
0.000044
0.000040
0.000045
0.000043
0.000042
0.000042
0.000044
0.000044
0.000044
0.000044
0.000041
0.000054
0.000043
0.000042
0.000043
0.000043
0.000046
0.000044
0.000044
0.000044
0.000045
0.000043
0.000044
0.000043
0.000042
0.000044
0.000046
0.000043
0.000047
0.000043
0.000045
0.000045
0.000043
0.000051
0.000044
0.000047
0.000045
0.000046
0.000045
0.000045
0.000043
0.000044
0.000047
0.000043
0.000045
0.000046
0.000044
0.000044
0.000042
0.000046
0.000045
0.000042
0.000045
0.000044
0.000043
0.000054
0.000043
0.000045
0.000043
0.000043
0.000045
0.000044
0.000046
0.000044
0.000046
0.000045
0.000045
0.000044
0.000047
0.000046
0.000042
0.000044
0.000044
0.000045
0.000041
0.000045
0.000053
0.000071
0.000045
0.000043
0.000041
0.000046
0.000046
0.000046
0.000043
0.000046
0.000041
0.000042
0.000042
0.000042
0.000043
0.000046
0.000045
0.000041
0.000045
0.000041
0.000043
0.000045
0.000054
0.000044
0.000044
0.000047
0.000042
0.000044
0.000044
0.000047
0.000045
0.000044
0.000043
0.000043
0.000044
0.000042
0.000043
0.000045
0.000045
0.000043
0.000044
0.000043
0.000043
0.000043
0.000054
0.000046
0.000043
0.000041
0.000043
0.000044
0.000044
0.000042
0.000045
0.000043
0.000044
0.000044
0.000042
0.000041
0.000042
0.000044
0.000044
0.000044
0.000046
