0.000534
0.000412
0.000417
0.000504
0.000388
0.000458
0.000487
0.000444
0.000358
0.000362
0.000366
0.000352
0.000404
0.000415
0.000487
0.000423
0.000420
0.000384
0.000359
0.000414
0.000431
0.000401
0.000527
0.000530
0.000505
0.000732
0.000578
0.000468
0.000536
0.000442
0.000530
0.000470
0.000509
0.000456
0.000472
0.000441
0.000425
0.000455
0.000412
0.000492
0.000426
0.000501
0.000458
0.000535
0.000470
0.000485
0.000479
0.000517
0.000485
0.000537
0.000487
0.000546
0.000498
0.000670
0.000718
0.000730
0.000656
0.000743
0.000716
0.000779
0.000691
0.000794
0.000786
0.000703
0.000733
0.000755
0.000741
0.000770
0.000641
0.000722
0.000712
0.000714
0.000625
0.000608
0.000673
0.000777
0.000785
0.000749
0.000815
0.000770
0.000704
0.001007
0.001217
0.000786
0.001140
0.001245
0.000994
0.000980
0.000680
0.000642
0.000763
0.000787
0.000763
0.000694
0.000690
0.000582
0.000559
0.000754
0.000726
0.000572
0.001327
0.000624
0.000611
0.000558
0.000816
0.001173
0.000894
0.001152
0.000772
0.001248
0.001100
0.000654
0.000576
0.000684
0.000579
0.000567
0.000632
0.000742
0.000736
0.000938
0.000846
0.001122
0.000865
0.000918
0.000651
0.000616
0.000736
0.000581
0.000576
0.000568
0.000599
0.000606
0.000575
0.000642
0.000500
0.000548
0.000585
0.000596
0.000724
0.000592
0.000523
0.000709
0.000778
0.000702
0.000890
0.000646
0.000624
0.000628
0.000582
0.000552
0.000528
0.000679
0.000672
0.000612
0.000715
0.000560
0.000553
0.000618
0.000526
0.000539
0.000570
0.000661
0.000562
0.000537
0.000533
0.000525
0.000611
0.000513
0.000618
0.000688
0.000863
0.000944
0.000679
0.000732
0.000719
0.000543
0.000542
0.000590
0.000604
0.000546
0.000651
0.000588
0.000633
0.000796
0.000585
0.000619
0.000665
0.000687
0.000637
0.000585
0.000641
0.000610
0.000588
0.000667
0.000972
0.001061
0.000860
0.001013
0.000932
0.000609
0.000805
0.000714
0.000863
0.000715
0.000607
0.000722
0.000768
0.000590
0.000657
0.000626
0.000575
0.000654
0.000619
0.000586
0.000528
0.000576
0.000669
0.000892
0.000734
0.000670
0.000596
0.000610
0.000631
0.000588
0.000780
0.000700
0.000675
0.000668
0.000721
0.001164
0.000743
0.000650
0.000592
0.000609
0.000739
0.000534
0.000645
0.000552
0.000567
0.000617
0.000821
0.001221
0.000977
0.000942
0.000908
0.000871
0.000616
0.000568
0.000590
0.000593
0.000696
0.000669
0.000565
0.000711
0.000550
0.000513
0.000534
0.000556
0.000592
0.000556
0.000567
0.000530
0.000550
0.000580
0.000619
0.000755
0.000938
0.000871
0.001202
0.000930
0.000864
0.000793
0.000612
0.000956
0.000566
0.000616
0.000567
0.000717
0.000517
0.000719
0.000631
0.000878
0.000695
0.000857
0.000627
0.000599
0.000546
0.000594
0.000757
0.000651
0.001516
0.001204
0.000959
0.000746
0.000865
0.000789
0.000806
0.000695
0.000733
0.001172
0.000636
0.000665
0.000608
0.001210
0.001250
0.001640
0.000822
0.001179
0.000917
0.001395
0.000646
0.000636
0.000610
0.000722
0.000563
0.000558
0.000599
0.000531
0.000533
0.000550
0.000524
0.000542
0.000524
0.000529
0.000517
0.000543
0.000577
0.000649
0.000577
0.000550
0.000659
0.000697
0.000634
0.000839
0.000622
0.000562
0.000580
0.000579
0.000630
0.000579
0.000555
0.000580
0.000578
0.000607
0.000576
0.000745
0.000614
0.000595
0.000818
0.000702
0.000588
0.000646
0.000645
0.000905
0.000740
0.000815
0.001036
0.001381
0.000622
0.000576
0.000550
0.000562
0.000583
0.000653
0.000717
0.000621
0.000626
0.000595
0.000540
0.000652
0.000619
0.000597
0.000579
0.000586
0.000541
0.000583
0.000544
0.000566
0.000536
0.000560
0.000563
0.000568
0.000739
0.000851
0.000738
0.000576
0.000595
0.000558
0.000578
0.000564
0.000542
0.000587
0.000647
0.000643
0.000660
0.000737
0.000591
0.000602
0.000576
0.000595
0.000581
0.000658
0.000611
0.000707
0.000684
0.000695
0.000786
0.000821
0.000829
0.000716
0.000622
0.000616
0.000577
0.000854
0.000601
0.000598
0.000582
0.000557
0.000572
0.000525
0.000582
0.000533
0.000539
0.000523
0.000661
0.000592
0.000565
0.000553
0.000610
0.000577
0.000552
0.000637
0.000603
0.000563
0.000556
0.000571
0.000621
0.000572
0.000541
0.000530
0.000587
0.000529
0.000564
0.000540
0.000644
0.000581
0.000699
0.000744
0.000924
0.000579
0.000588
0.000555
0.000626
0.000671
0.000571
0.000551
0.000571
0.000805
0.001033
0.000945
0.000831
0.000966
0.000783
0.000594
0.000665
0.000683
0.000582
0.000645
0.000738
0.000601
0.000679
0.000672
0.000628
0.000771
0.000752
0.000605
0.000594
0.000584
0.000534
0.000565
0.000549
0.000536
0.000712
0.000595
0.004600
0.000624
0.001335
0.000590
0.000596
0.000568
0.000612
0.000575
0.000547
0.000581
0.000540
0.000652
0.000576
0.000559
0.000561
0.000555
0.000731
0.001051
0.000834
0.000706
0.000712
0.000718
0.000742
0.000664
0.000634
0.000669
0.000734
0.000636
0.000677
0.000652
0.000597
0.000563
0.000608
0.000757
0.000639
0.000626
0.000634
0.000568
0.000722
0.000649
0.000570
0.000571
0.000583
0.000557
0.000558
0.001071
0.000644
0.000718
0.000645
0.000568
0.000545
0.000562
0.000547
0.000604
0.000557
0.000547
0.000538
0.000542
0.000544
0.000526
0.000562
0.000526
0.000546
0.000550
0.000543
0.000542
0.000600
0.000589
0.000589
0.000667
0.000859
0.000860
0.000719
0.001031
0.000857
0.000903
0.000680
0.000602
0.000570
0.000586
0.000594
0.000559
0.000620
0.000671
0.000582
0.000561
0.000534
0.000552
0.000523
0.000549
0.000582
0.000537
0.000541
0.000542
0.000553
0.000534
0.000623
0.000559
0.000585
0.000543
0.000545
0.000640
0.000546
0.000579
0.000645
0.000571
0.000581
0.000545
0.000547
0.000540
0.000540
0.000567
0.000542
0.000550
0.000542
0.000573
0.000551
0.000577
0.000557
0.000543
0.000677
0.000730
0.000594
0.000590
0.000635
0.000703
0.000790
0.000791
0.000700
0.000645
0.000650
0.000663
0.000562
0.000568
0.000553
0.000542
0.000547
0.000550
0.000561
0.000546
0.000561
0.000544
0.000543
0.000551
0.000549
0.000543
0.000570
0.000566
0.000537
0.000582
0.000580
0.000550
0.000536
0.000576
0.000557
0.000559
0.000591
0.000600
0.000689
0.000868
0.000702
0.000676
0.000646
0.000588
0.000580
0.000552
0.000647
0.000578
0.000644
0.000631
0.000556
0.000577
0.000574
0.000666
0.000689
0.000748
0.000638
0.000742
0.000890
0.001057
0.001948
0.001010
0.001066
0.000878
0.000786
0.000791
0.000772
0.000608
0.000635
0.000618
0.000572
0.000598
0.000549
0.000567
0.000542
0.000550
0.000533
0.000560
0.000570
0.000580
0.000670
0.000582
0.000629
0.000581
0.000550
0.000612
0.000618
0.000703
0.000607
0.000589
0.000565
0.000655
0.000683
0.000850
0.000909
0.000652
0.000610
0.000660
0.000682
0.000625
0.000614
0.000706
0.000656
0.000692
0.000676
0.000772
0.000836
0.001014
0.001159
0.001121
0.000669
0.000711
0.000811
0.000787
0.000622
0.000595
0.000562
0.000584
0.000678
0.000716
0.000638
0.000590
0.000566
0.000589
0.000640
0.000573
0.000593
0.000633
0.000655
0.000654
0.000575
0.000779
0.000716
0.000649
0.000618
0.000690
0.000602
0.000580
0.000732
0.000632
0.000608
0.000582
0.000594
0.000600
0.000612
0.000609
0.000641
0.000577
0.000618
0.000616
0.000574
0.000576
0.000548
0.000578
0.000561
0.000543
0.000660
0.000884
0.000836
0.000782
0.001099
0.000826
0.001230
0.000694
0.000768
0.000677
0.000708
0.000652
0.000719
0.000710
0.000658
0.000621
0.000735
0.000633
0.000713
0.000651
0.000635
0.000648
0.000701
0.000637
0.000611
0.000664
0.000769
0.000772
0.000972
0.000761
0.000752
0.000687
0.000620
0.000706
0.000606
0.000614
0.000596
0.000567
0.000563
0.000572
0.000545
0.000625
0.000560
0.000577
0.000565
0.000570
0.000657
0.000826
0.000634
0.000676
0.000730
0.000655
0.000802
0.000882
0.000735
0.000608
0.000684
0.000638
0.000570
0.000577
0.000563
0.000584
0.000582
0.000563
0.000606
0.000557
0.000575
0.000588
0.000553
0.000567
0.000561
0.000612
0.000547
0.000586
0.000564
0.000553
0.000600
0.000565
0.000570
0.000613
0.000670
0.000603
0.000613
0.000585
0.000588
0.000601
0.000557
0.000557
0.000556
0.000574
0.000547
0.000568
0.000606
0.000560
0.000569
0.000559
0.000576
0.000598
0.000581
0.000624
0.000574
0.000719
0.000694
0.000754
0.000682
0.000775
0.000730
0.000714
0.000627
0.000666
0.000646
0.000579
0.000584
0.000550
0.000580
0.000561
0.000561
0.000571
0.000814
0.000624
0.000687
0.000606
0.000598
0.000611
0.000561
0.000672
0.000596
0.000568
0.000595
0.000714
0.000631
0.000569
0.000565
0.000569
0.000652
0.000639
0.000588
0.000711
0.000628
0.000580
0.000614
0.000600
0.000573
0.000680
0.000557
0.000578
0.000587
0.000546
0.000562
0.000533
0.000574
0.000552
0.000598
0.000565
0.000695
0.000731
0.000801
0.000847
0.000634
0.000701
0.000711
0.000597
0.000746
0.000665
0.000632
0.000627
0.000580
0.000611
0.000631
0.000581
0.000583
0.000567
0.000563
0.000580
0.000557
0.000605
0.000557
0.000572
0.000584
0.000557
0.000588
0.000567
0.000588
0.000608
0.000586
0.000586
0.000561
0.000608
0.000617
0.000649
0.000687
0.000601
0.000581
0.000637
0.000562
0.000644
0.000709
0.000575
0.000615
0.000561
0.000587
0.000573
0.000561
0.000576
0.000548
0.000614
0.000597
0.000600
0.000762
0.000803
0.000652
0.000747
0.000768
0.000720
0.000656
0.000752
0.000614
0.000568
0.000621
0.000582
0.000573
0.000617
0.000552
0.000581
0.000576
0.000562
0.000583
0.000618
0.000582
0.000579
0.000556
0.000584
0.000556
0.000635
0.000650
0.000567
0.000589
0.000557
0.000593
0.000580
