0.000631
0.001599
0.002808
0.003825
0.004788
0.005943
0.007061
0.008295
0.005266
0.005111
0.005745
0.006483
0.006785
0.007413
0.007869
0.008551
0.006019
0.004912
0.005052
0.005502
0.005743
0.005757
0.005987
0.006630
0.006660
0.007012
0.007404
0.007560
0.008075
0.007986
0.008380
0.008619
0.006452
0.004810
0.004863
0.005063
0.005116
0.004936
0.005137
0.005431
0.005577
0.005726
0.005898
0.006015
0.006152
0.006317
0.006336
0.006611
0.006730
0.006691
0.006982
0.007392
0.007065
0.007413
0.007560
0.008160
0.008024
0.008050
0.008046
0.008201
0.008192
0.008833
0.008431
0.008392
0.007345
0.006344
0.005444
0.005005
0.005147
0.004910
0.004840
0.004914
0.004944
0.004968
0.005161
0.005215
0.005191
0.005400
0.005468
0.005497
0.005520
0.005512
0.005851
0.005822
0.005905
0.005847
0.006116
0.006130
0.006038
0.006173
0.006143
0.006408
0.006474
0.006383
0.006618
0.006798
0.006788
0.006496
0.006725
0.006925
0.007060
0.006911
0.007086
0.007059
0.007174
0.007261
0.007248
0.007500
0.007518
0.007708
0.007571
0.007771
0.007748
0.007720
0.007803
0.008046
0.007923
0.007978
0.008109
0.008257
0.008053
0.008517
0.008229
0.008537
0.008467
0.008587
0.008184
0.007842
0.007320
0.006582
0.006278
0.006081
0.006070
0.005725
0.005957
0.005744
0.005150
0.005123
0.004912
0.004853
0.004830
0.004933
0.005086
0.005187
0.004916
0.005013
0.005199
0.005123
0.005216
0.005216
0.005408
0.005064
0.005235
0.005254
0.005367
0.005381
0.005544
0.005598
0.005599
0.005369
0.005829
0.005652
0.005921
0.005627
0.005675
0.005883
0.005844
0.005699
0.005911
0.006036
0.005998
0.006002
0.005853
0.006144
0.005832
0.005972
0.006167
0.006046
0.006033
0.006143
0.006049
0.006141
0.006158
0.006444
0.006621
0.006331
0.006179
0.006273
0.006733
0.006382
0.006478
0.006493
0.006828
0.006540
0.006624
0.006826
0.006947
0.006808
0.006909
0.006998
0.006875
0.007191
0.006736
0.007125
0.006829
0.007284
0.007115
0.007349
0.007508
0.007289
0.007247
0.007294
0.007364
0.007312
0.007215
0.007520
0.007306
0.007454
0.007474
0.007352
0.007781
0.007434
0.007724
0.007605
0.007700
0.007760
0.007802
0.007935
0.008043
0.007935
0.008038
0.008105
0.008119
0.008050
0.008059
0.008398
0.008135
0.008375
0.008327
0.008241
0.008252
0.008372
0.008412
0.009251
0.008437
0.008653
0.008397
0.008461
0.008483
0.008304
0.008316
0.008046
0.008118
0.008363
0.007773
0.007821
0.007743
0.006708
0.007169
0.007013
0.006650
0.006575
0.006498
0.006275
0.006376
0.006190
0.005983
0.006204
0.006007
0.005967
0.005902
0.005618
0.005575
0.005221
0.005328
0.005291
0.005205
0.005304
0.005284
0.005284
0.005196
0.004975
0.004800
0.005046
0.005095
0.005027
0.005050
0.005065
0.005192
0.005167
0.005272
0.005116
0.005354
0.005117
0.005298
0.005233
0.005253
0.005372
0.005133
0.005328
0.005376
0.005220
0.005490
0.005238
0.005205
0.005355
0.005391
0.005450
0.005278
0.005330
0.005563
0.005657
0.005476
0.005507
0.005611
0.005507
0.005499
0.005625
0.005648
0.005634
0.005684
0.005519
0.006130
0.005730
0.005873
0.005655
0.006022
0.005740
0.005948
0.005934
0.006165
0.005729
0.005891
0.006177
0.006155
0.006029
0.005885
0.005893
0.005895
0.005917
0.005940
0.006106
0.005991
0.006240
0.006086
0.005945
0.006121
0.006217
0.006211
0.006337
0.006241
0.006372
0.006243
0.006667
0.006300
0.006139
0.006272
0.006296
0.006562
0.006396
0.006444
0.006405
0.006523
0.006512
0.006736
0.006581
0.006621
0.006604
0.006571
0.006537
0.006795
0.006785
0.006675
0.006721
0.006704
0.006810
0.006484
0.006656
0.006904
0.006759
0.006842
0.006863
0.006819
0.006915
0.007004
0.007075
0.006729
0.006823
0.006886
0.006729
0.006985
0.006771
0.006915
0.006810
0.006956
0.006937
0.006833
0.006831
0.007213
0.007205
0.007029
0.007202
0.007259
0.007101
0.007070
0.007198
0.007055
0.007323
0.007300
0.007190
0.007066
0.007353
0.007016
0.007201
0.007341
0.007724
0.007174
0.007310
0.007008
0.007262
0.007047
0.007534
0.007308
0.007275
0.007356
0.007641
0.007278
0.007446
0.007245
0.007644
0.007354
0.007609
0.007453
0.007753
0.007806
0.007692
0.007754
0.007561
0.007610
0.007873
0.007522
0.007853
0.007715
0.007945
0.007694
0.007704
0.007651
0.007920
0.007767
0.007879
0.008088
0.007862
0.008302
0.008079
0.008027
0.008176
0.007883
0.007995
0.007787
0.008274
0.007913
0.007959
0.008189
0.008137
0.008159
0.008180
0.008255
0.008184
0.008397
0.008637
0.008410
0.008154
0.008296
0.008368
0.008293
0.008473
0.008450
0.008607
0.008173
0.008238
0.008064
0.008368
0.008691
0.010595
0.024444
0.008182
0.008149
0.008756
0.008223
0.008682
0.008478
0.008376
0.008269
0.008473
0.008424
0.008664
0.008408
0.008649
0.008188
0.008172
0.008082
0.008302
0.008297
0.008418
0.008068
0.007842
0.007602
0.007482
0.007830
0.007430
0.007690
0.007010
0.007498
0.007258
0.007278
0.007163
0.006821
0.007043
0.007062
0.006645
0.006881
0.006934
0.006751
0.006659
0.006290
0.006305
0.006609
0.006158
0.006162
0.006361
0.006267
0.006234
0.006086
0.006070
0.005782
0.005973
0.006034
0.005964
0.006050
0.005541
0.005634
0.006012
0.005829
0.005572
0.005652
0.005736
0.005441
0.005581
0.005611
0.005469
0.005646
0.005556
0.005279
0.005485
0.005476
0.005273
0.005249
0.005162
0.005480
0.005289
0.005145
0.005272
0.005159
0.005081
0.005031
0.005119
0.005229
0.005097
0.004939
0.005061
0.005139
0.005164
0.005121
0.005310
0.005235
0.005168
0.005127
0.005340
0.005222
0.005051
0.005144
0.005160
0.005121
0.005308
0.005166
0.005090
0.005104
0.005255
0.005260
0.005464
0.005168
0.005237
0.005297
0.005347
0.005307
0.005316
0.005289
0.005270
0.005193
0.005336
0.005256
0.005480
0.005235
0.005426
0.005411
0.005270
0.005284
0.005322
0.005334
0.005382
0.005528
0.005431
0.005411
0.005319
0.005560
0.005414
0.005288
0.005510
0.005454
0.005444
0.005495
0.005707
0.005570
0.005494
0.005581
0.005558
0.005602
0.005565
0.005579
0.005830
0.005315
0.005420
0.005521
0.005641
0.005557
0.005589
0.005748
0.005526
0.005562
0.005773
0.005699
0.005677
0.005657
0.005507
0.005822
0.005759
0.005493
0.005489
0.005710
0.005732
0.005795
0.005730
0.005915
0.005872
0.005682
0.005780
0.005798
0.005792
0.006019
0.005894
0.006049
0.005689
0.005892
0.005961
0.005969
0.005891
0.005843
0.006086
0.005906
0.005956
0.006069
0.005815
0.005814
0.005917
0.005914
0.005996
0.005907
0.005995
0.005851
0.006110
0.006028
0.006153
0.006025
0.006007
0.005960
0.006096
0.006069
0.006173
0.006003
0.005998
0.006202
0.006002
0.006124
0.006119
0.006298
0.006045
0.006154
0.006255
0.006338
0.006303
0.006031
0.006064
0.006047
0.006190
0.006020
0.006091
0.006147
0.006124
0.006191
0.006490
0.006093
0.006293
0.006214
0.006125
0.006271
0.006275
0.006324
0.006339
0.006310
0.006473
0.006632
0.006459
0.006340
0.006335
0.006265
0.006868
0.006204
0.006519
0.006252
0.006461
0.006352
0.006560
0.006426
0.006568
0.006591
0.006521
0.006820
0.006621
0.006648
0.006695
0.006804
0.006286
0.006831
0.006472
0.006864
0.006794
0.006677
0.006841
0.006780
0.006775
0.006699
0.006779
0.006990
0.006594
0.006777
0.006550
0.006671
0.006771
0.006688
0.006942
0.006549
0.006729
0.006981
0.006722
0.006798
0.006659
0.006811
0.006811
0.006899
0.007066
0.006782
0.006715
0.007116
0.007097
0.006742
0.007125
0.006835
0.006972
0.006814
0.006921
0.007160
0.007183
0.007190
0.006966
0.006922
0.006983
0.007019
0.006931
0.007127
0.006995
0.007021
0.006872
0.007025
0.007069
0.006986
0.007242
0.007166
0.006983
0.007103
0.007135
0.007008
0.007217
0.007057
0.007355
0.007184
0.007083
0.007264
0.007109
0.007319
0.007470
0.007204
0.007155
0.007105
0.007279
0.007347
0.007310
0.007117
0.007417
0.007419
0.007533
0.007243
0.007392
0.007285
0.007218
0.007287
0.007225
0.007498
0.007226
0.007384
0.007309
0.007205
0.007319
0.007210
0.007217
0.007507
0.007336
0.007500
0.007644
0.007765
0.007303
0.007411
0.007563
0.007413
0.007522
0.007509
0.007457
0.007607
0.007603
0.007807
0.008117
0.007605
0.007848
0.007911
0.007972
0.007745
0.007729
0.008085
0.007763
0.007723
0.008283
0.008029
0.007733
0.007530
0.007936
0.007520
0.007704
0.007642
0.007914
0.007726
0.007847
0.007721
0.007668
0.007759
0.007773
0.007693
0.007652
0.007631
0.007784
0.007856
0.007763
0.007654
0.007759
0.007707
0.007859
0.007696
0.007683
0.007893
0.007753
0.007738
0.007934
0.007725
0.007880
0.007913
0.007637
0.007810
0.007903
0.008087
0.008076
0.008029
0.007951
0.008048
0.008105
0.008113
0.008221
0.008109
0.007988
0.008098
0.008313
0.008146
0.007897
0.008295
0.007996
0.008085
0.007988
0.008155
0.008099
0.008202
0.008062
0.008158
0.008132
0.008292
0.008067
0.008027
0.008424
0.008096
0.008362
0.008406
0.008403
0.008278
0.008412
0.008490
0.008169
0.008329
0.008350
0.008114
0.008138
0.008328
0.008481
0.008426
0.008429
0.008266
0.008215
0.008530
0.008621
0.008493
0.008313
0.008760
0.008165
0.008381
0.008431
0.008187
0.008406
0.008807
0.008641
0.008268
0.008488
0.008398
0.008485
0.008577
0.008627
0.008440
0.008618
0.008920
0.008390
0.008587
0.008464
0.008423
0.008782
0.008738
0.008600
0.008610
0.008715
0.008588
0.008570
0.008721
0.008754
0.008515
0.008629
0.008367
0.008514
0.008511
0.008667
0.008698
0.008274
0.008337
0.008609
0.008154
0.008439
0.008180
0.008615
0.008186
0.008300
0.008461
0.008004
0.008152
0.008254
0.008263
0.008222
0.008208
0.008510
