0.000102
0.000131
0.000136
0.000135
0.000146
0.000148
0.000153
0.000185
0.000185
0.000196
0.000172
0.000222
0.000224
0.000242
0.000243
0.000262
0.000300
0.000305
0.000255
0.000216
0.000187
0.000184
0.000188
0.000204
0.000198
0.000189
0.000199
0.000199
0.000211
0.000198
0.000196
0.000208
0.000210
0.000219
0.000230
0.000214
0.000215
0.000214
0.000205
0.000211
0.000218
0.000252
0.000215
0.000216
0.000231
0.000254
0.000219
0.000230
0.000231
0.000240
0.000233
0.000261
0.000271
0.000254
0.000226
0.000231
0.000361
0.000279
0.000286
0.000297
0.000276
0.000266
0.000255
0.000299
0.000330
0.000345
0.000313
0.000285
0.000269
0.000275
0.000260
0.000253
0.000256
0.000279
0.000258
0.000268
0.000282
0.000258
0.000290
0.000337
0.000310
0.000296
0.000332
0.000334
0.000284
0.000267
0.000310
0.000250
0.000249
0.000275
0.000405
0.000389
0.000449
0.000337
0.000352
0.000333
0.000311
0.000315
0.000314
0.000346
0.000371
0.000330
0.000357
0.000407
0.000353
0.000375
0.000340
0.000335
0.000354
0.000319
0.000304
0.000330
0.000313
0.000306
0.000381
0.000335
0.000334
0.000331
0.000335
0.000343
0.000326
0.000316
0.000357
0.000382
0.000431
0.000464
0.000381
0.000383
0.000413
0.000429
0.000431
0.000431
0.000407
0.000424
0.000402
0.000380
0.000418
0.000624
0.000552
0.000523
0.000435
0.000439
0.000495
0.000397
0.000369
0.000367
0.000374
0.000367
0.000375
0.000354
0.000428
0.000429
0.000504
0.000498
0.000458
0.000457
0.000421
0.000397
0.000389
0.000403
0.000533
0.000432
0.000420
0.000462
0.000375
0.000378
0.000374
0.000411
0.000689
0.000856
0.000490
0.000513
0.000444
0.000492
0.000441
0.000450
0.000413
0.000425
0.000424
0.000441
0.000395
0.000405
0.000388
0.000472
0.000535
0.000691
0.000465
0.000458
0.000442
0.000446
0.000447
0.000448
0.000468
0.000671
0.000589
0.000557
0.000547
0.000494
0.000485
0.000432
0.000464
0.000468
0.000508
0.000478
0.000501
0.000463
0.000528
0.000612
0.000623
0.000605
0.000478
0.000498
0.000470
0.000462
0.000518
0.000559
0.000672
0.000680
0.000675
0.000562
0.000522
0.000507
0.000498
0.000511
0.000467
0.000469
0.000437
0.000442
0.000471
0.000537
0.000595
0.000487
0.000580
0.000618
0.000616
0.000535
0.000519
0.000585
0.000452
0.000487
0.000452
0.000535
0.000500
0.000675
0.000711
0.000547
0.000522
0.000543
0.000572
0.000565
0.000564
0.000665
0.000689
0.000623
0.000642
0.000660
0.000543
0.000557
0.000603
0.000590
0.000623
0.000696
0.000831
0.000756
0.000646
0.000602
0.000516
0.000534
0.000524
0.000653
0.000782
0.000628
0.000583
0.000700
0.000771
0.000607
0.000660
0.000624
0.000578
0.000597
0.000646
0.000619
0.000636
0.000630
0.000578
0.000623
0.000728
0.000629
0.000559
0.000631
0.000596
0.000550
0.000515
0.000657
0.000644
0.000616
0.000573
0.000559
0.000527
0.000550
0.000609
0.000629
0.000624
0.000622
0.000523
0.000550
0.000784
0.000577
0.000548
0.000539
0.000585
0.000592
0.000542
0.000803
0.000825
0.000740
0.000635
0.000711
0.000833
0.000726
0.000593
0.000569
0.000509
0.000513
0.000682
0.000658
0.000641
0.000587
0.000563
0.000581
0.000607
0.000550
0.000580
0.000579
0.000654
0.000674
0.000615
0.000764
0.000648
0.000663
0.000731
0.000715
0.000622
0.000534
0.000558
0.000654
0.000580
0.000643
0.000731
0.000604
0.000604
0.000603
0.000598
0.000664
0.000624
0.000677
0.000635
0.000673
0.000621
0.000584
0.000561
0.000749
0.000757
0.000650
0.000567
0.000556
0.000681
0.000729
0.000801
0.000640
0.000670
0.000622
0.000589
0.000615
0.000560
0.000638
0.000689
0.000625
0.000614
0.000652
0.000577
0.000591
0.000625
0.000590
0.000586
0.000666
0.000725
0.000749
0.000678
0.000674
0.001023
0.000711
0.000609
0.000570
0.000584
0.000700
0.000849
0.000691
0.000612
0.000657
0.000690
0.000730
0.000714
0.000681
0.000711
0.000623
0.000638
0.000676
0.000721
0.000599
0.000691
0.000652
0.000602
0.000863
0.000866
0.000722
0.000640
0.000774
0.000921
0.000796
0.000650
0.000673
0.000685
0.000793
0.000769
0.000675
0.000616
0.000662
0.000619
0.000792
0.000753
0.000916
0.001214
0.001349
0.001114
0.000847
0.000728
0.000878
0.000937
0.000800
0.000692
0.000663
0.000780
0.000715
0.000705
0.000671
0.000771
0.000815
0.000713
0.000665
0.000647
0.000701
0.000676
0.000671
0.000733
0.000832
0.000813
0.000849
0.000850
0.000868
0.000802
0.000666
0.000604
0.000723
0.000841
0.000818
0.000762
0.000855
0.000825
0.001182
0.000876
0.000945
0.000963
0.001156
0.001008
0.000918
0.000816
0.000770
0.000802
0.001011
0.000933
0.000944
0.000809
0.000852
0.001019
0.000803
0.000712
0.000750
0.000720
0.000923
0.000812
0.000737
0.000670
0.000786
0.001023
0.000937
0.000953
0.000902
0.001278
0.000813
0.000795
0.000750
0.000818
0.000753
0.000920
0.000917
0.000925
0.000976
0.000919
0.000891
0.000996
0.000817
0.000808
0.000821
0.001058
0.001221
0.001007
0.000928
0.000835
0.000698
0.000693
0.000674
0.000619
0.000657
0.000829
0.000780
0.000787
0.000815
0.000950
0.001220
0.000850
0.000858
0.000843
0.000993
0.000728
0.000730
0.000770
0.000805
0.000879
0.000831
0.000727
0.000884
0.000898
0.000784
0.000723
0.000798
0.000742
0.000754
0.000920
0.000804
0.000722
0.000727
0.000630
0.000721
0.000749
0.000821
0.000820
0.001000
0.000938
0.000757
0.000695
0.000731
0.000861
0.000992
0.001159
0.000908
0.001601
0.001196
0.001017
0.000820
0.000768
0.000783
0.000780
0.000728
0.000835
0.001002
0.000834
0.000918
0.001273
0.001171
0.001023
0.001080
0.000934
0.000914
0.000857
0.000847
0.000854
0.000811
0.000820
0.001321
0.001541
0.001309
0.001510
0.000801
0.000778
0.000777
0.000745
0.001269
0.000925
0.000825
0.000817
0.000879
0.000977
0.000955
0.001089
0.000917
0.000814
0.000830
0.000829
0.000893
0.000772
0.000737
0.000786
0.000829
0.000919
0.000930
0.000933
0.000862
0.001073
0.000939
0.000812
0.000808
0.000715
0.000906
0.000756
0.000759
0.000754
0.000820
0.000970
0.001013
0.000927
0.000780
0.000755
0.000765
0.000968
0.001113
0.001132
0.000729
0.000795
0.000885
0.000791
0.000914
0.000783
0.000787
0.000736
0.000751
0.000797
0.000849
0.000873
0.000771
0.000726
0.000823
0.000931
0.000946
0.000909
0.001055
0.001227
0.000861
0.000764
0.000863
0.000752
0.000733
0.000697
0.000711
0.001185
0.000849
0.000745
0.000769
0.000812
0.000792
0.000787
0.001232
0.001128
0.001336
0.000974
0.001003
0.001058
0.000952
0.000914
0.000920
0.000900
0.000830
0.000961
0.000923
0.001199
0.000878
0.001048
0.001120
0.000864
0.000823
0.000883
0.000861
0.000922
0.000888
0.000875
0.000993
0.001057
0.000885
0.000955
0.000946
0.001064
0.000974
0.000972
0.000929
0.000990
0.000944
0.001219
0.001159
0.001065
0.001142
0.001012
0.000911
0.000941
0.000919
0.000902
0.000885
0.001297
0.001141
0.001126
0.000974
0.001107
0.001000
0.000930
0.000987
0.000959
0.000895
0.000905
0.000908
0.000891
0.000898
0.001067
0.001048
0.000842
0.000909
0.000967
0.000923
0.000927
0.000903
0.001043
0.001332
0.001292
0.000984
0.001044
0.000887
0.000879
0.000939
0.001032
0.001084
0.001001
0.001014
0.001061
0.001029
0.001280
0.001007
0.000865
0.000945
0.000945
0.000850
0.000895
0.000882
0.000834
0.000901
0.000900
0.000892
0.001016
0.000878
0.000994
0.001163
0.000997
0.000858
0.000863
0.001122
0.001184
0.001460
0.001755
0.001089
0.001009
0.000882
0.000958
0.001044
0.000944
0.001071
0.001198
0.001343
0.001332
0.001190
0.001079
0.001052
0.001120
0.001132
0.001150
0.001035
0.001102
0.001285
0.001298
0.001071
0.001314
0.001202
0.001291
0.001396
0.001121
0.001000
0.000952
0.000985
0.001058
0.001276
0.001167
0.001172
0.001167
0.001184
0.001177
0.001298
0.001071
0.001035
0.000979
0.001217
0.001199
0.000959
0.000913
0.001033
0.001090
0.000902
0.001131
0.001124
0.001168
0.001689
0.001393
0.001742
0.001347
0.001283
0.001055
0.001037
0.001156
0.001070
0.001061
0.001041
0.001142
0.000972
0.001139
0.001019
0.001219
0.001469
0.001495
0.001540
0.001315
0.001524
0.001342
0.001259
0.001285
0.001294
0.001306
0.001257
0.001276
0.001255
0.001428
0.001200
0.001148
0.001323
0.001112
0.001449
0.001324
0.001361
0.001403
0.001472
0.001620
0.001050
0.001086
0.001044
0.000934
0.001065
0.001059
0.000970
0.000880
0.001129
0.001156
0.001045
0.001400
0.000916
0.000826
0.000813
0.001061
0.000939
0.001059
0.001119
0.001106
0.000947
0.000950
0.000835
0.001107
0.001023
0.000865
0.000824
0.001005
0.000867
0.001118
0.000973
0.001002
0.000947
0.001015
0.001681
0.001410
0.001377
0.001318
0.001003
0.001187
0.001283
0.001093
0.001050
0.001029
0.001545
0.001091
0.001047
0.001062
0.000991
0.000951
0.000983
0.001202
0.001148
0.001159
0.001240
0.001009
0.001357
0.001108
0.001189
0.001079
0.001006
0.001416
0.001126
0.001229
0.001274
0.001372
0.001130
0.001235
0.001181
0.001197
0.001141
0.001236
0.001067
0.001128
0.001079
0.001457
0.001222
0.001187
0.001296
0.001539
0.001226
0.001154
0.001201
0.001354
0.001508
0.001549
0.001121
0.001365
0.001566
0.001773
0.001220
0.001503
0.001273
0.001129
0.001206
0.001286
0.001295
0.001306
0.001290
0.001380
0.001046
0.001006
0.001368
0.001252
0.001358
0.001441
0.001190
0.001200
0.001912
0.002063
0.001362
0.001267
0.001058
0.001135
0.001284
0.001264
0.001411
0.001549
0.001103
0.001037
0.001566
0.001372
0.001099
0.001490
0.001554
0.001607
0.001638
0.001575
0.001299
0.001230
0.001032
0.001459
0.001300
0.001102
0.001268
