0.000207
0.000400
0.000478
0.000682
0.000843
0.000991
0.001124
0.001220
0.001290
0.001428
0.001498
0.001579
0.001733
0.001823
0.001881
0.001924
0.001946
0.001947
0.002051
0.002160
0.002260
0.002235
0.002360
0.002402
0.002466
0.002571
0.002791
0.002908
0.003162
0.002743
0.002839
0.002916
0.002931
0.002994
0.002951
0.003064
0.003223
0.003162
0.003191
0.004049
0.003371
0.003335
0.003388
0.003451
0.003497
0.003542
0.003573
0.003588
0.003854
0.003761
0.003766
0.003773
0.003865
0.003919
0.003903
0.003940
0.004032
0.004098
0.004038
0.004140
0.004147
0.004240
0.004173
0.004379
0.004311
0.004426
0.004322
0.004454
0.004430
0.004494
0.004532
0.004620
0.004615
0.004695
0.004686
0.004731
0.004917
0.004847
0.004867
0.004969
0.005020
0.004903
0.005054
0.005049
0.005073
0.005079
0.005234
0.005223
0.005219
0.005449
0.005394
0.005463
0.005546
0.005558
0.005594
0.005606
0.005663
0.005758
0.006733
0.005827
0.005713
0.005805
0.005864
0.005918
0.006007
0.006166
0.006068
0.006213
0.006197
0.006130
0.006359
0.006533
0.006421
0.006400
0.006627
0.006557
0.006591
0.006681
0.007043
0.007076
0.006953
0.007011
0.007246
0.007229
0.007226
0.007399
0.007480
0.008071
0.008992
0.008894
0.008328
0.007617
0.007808
0.007633
0.007705
0.007785
0.008111
0.007988
0.007975
0.007960
0.007882
0.007770
0.008247
0.008421
0.008225
0.008286
0.008367
0.008224
0.008150
0.008371
0.008536
0.008751
0.008766
0.008968
0.008731
0.008862
0.008710
0.008758
0.008935
0.008984
0.009102
0.009215
0.009261
0.009316
0.009286
0.009266
0.009245
0.009590
0.009609
0.009409
0.009637
0.009818
0.009645
0.009662
0.009329
0.009863
0.009861
0.009861
0.009469
0.010005
0.009886
0.009514
0.010245
0.010588
0.010110
0.010618
0.010536
0.010176
0.010441
0.010621
0.010636
0.010777
0.010690
0.010588
0.011265
0.011166
0.011095
0.011405
0.011232
0.010908
0.010832
0.011229
0.011287
0.010437
0.011111
0.011406
0.010455
0.011172
0.010966
0.010434
0.011317
0.011409
0.010838
0.011351
0.011495
0.011372
0.013905
0.011788
0.011566
0.012221
0.011322
0.011936
0.012010
0.011278
0.011988
0.012227
0.011591
0.012194
0.011924
0.012300
0.012240
0.012079
0.012415
0.012597
0.011937
0.012919
0.012674
0.012385
0.012951
0.013271
0.013338
0.013507
0.012669
0.013314
0.012991
0.013412
0.013420
0.013424
0.013336
0.013074
0.012638
0.013664
0.012493
0.013879
0.013522
0.014087
0.013815
0.014320
0.013995
0.013689
0.014168
0.015017
0.013451
0.014756
0.014115
0.014369
0.014008
0.014611
0.014122
0.014434
0.014646
0.014651
0.014875
0.014345
0.014746
0.014934
0.014856
0.015133
0.015034
0.015060
0.014678
0.015322
0.015299
0.015003
0.015144
0.015373
0.015160
0.016137
0.015459
0.015593
0.015580
0.014680
0.015685
0.015459
0.015760
0.015798
0.015972
0.015351
0.016284
0.015168
0.016485
0.014958
0.015575
0.015514
0.016639
0.016114
0.016328
0.016464
0.016561
0.016550
0.016853
0.017288
0.016979
0.016316
0.016759
0.016471
0.016588
0.017285
0.017063
0.016152
0.017542
0.016833
0.017256
0.016909
0.017523
0.017170
0.017498
0.016869
0.017739
0.018300
0.017465
0.017045
0.017833
0.017033
0.017750
0.018096
0.017942
0.017116
0.017775
0.018483
0.017837
0.018172
0.017657
0.018186
0.017299
0.018670
0.018307
0.018489
0.017777
0.018387
0.017612
0.018366
0.018104
0.018408
0.018505
0.018746
0.018535
0.018639
0.018647
0.018618
0.018614
0.019358
0.019090
0.019042
0.018304
0.019076
0.018548
0.018905
0.019516
0.019573
0.019684
0.018622
0.020007
0.019427
0.019159
0.019420
0.018747
0.019848
0.018739
0.019698
0.018982
0.019732
0.020476
0.019333
0.020145
0.020180
0.020116
0.020429
0.020524
0.020634
0.021327
0.020340
0.021241
0.020526
0.020571
0.021596
0.021050
0.021156
0.022028
0.021143
0.021782
0.021407
0.021017
0.020690
0.020633
0.020787
0.021036
0.020819
0.021215
0.021639
0.021917
0.021349
0.021584
0.021009
0.021853
0.021741
0.021703
0.022324
0.021619
0.021582
0.021988
0.019385
0.021628
0.022173
0.021932
0.021628
0.021810
0.022207
0.021901
0.023094
0.022033
0.021571
0.022656
0.022811
0.021146
0.022731
0.019669
0.022776
0.023313
0.038231
0.054186
0.033933
0.024169
0.024066
0.023040
0.024168
0.023457
0.023996
0.023774
0.023591
0.024357
0.023708
0.023145
0.023087
0.024397
0.023183
0.023840
0.024796
0.023326
0.023148
0.023772
0.024440
0.024245
0.023529
0.024529
0.025244
0.023174
0.023458
0.023626
0.023222
0.022613
0.024311
0.023090
0.023840
0.024242
0.024100
0.022238
0.023406
0.023535
0.024189
0.023627
0.024317
0.022417
0.024216
0.023220
0.024101
0.024434
0.026147
0.024917
0.024598
0.024271
0.023689
0.025003
0.022566
0.025203
0.024728
0.025563
0.024363
0.024623
0.024969
0.025188
0.025437
0.024457
0.023711
0.025531
0.024716
0.024838
0.025634
0.025630
0.025741
0.025141
0.024905
0.026211
0.024636
0.026160
0.025539
0.025710
0.025689
0.026105
0.026788
0.026249
0.026455
0.026343
0.026280
0.026833
0.024747
0.025301
0.025011
0.023839
0.026057
0.023967
0.024731
0.026273
0.028158
0.027150
0.026746
0.027210
0.027144
0.026930
0.027158
0.027785
0.026318
0.026376
0.027214
0.027923
0.028257
0.027281
0.026969
0.027123
0.027207
0.027152
0.026582
0.025760
0.026608
0.027072
0.027374
0.028051
0.027177
0.026776
0.027343
0.027423
0.027334
0.028008
0.028695
0.026937
0.027334
0.027828
0.028058
0.027883
0.026893
0.029001
0.027150
0.027474
0.028072
0.028541
0.026636
0.027737
0.028513
0.027790
0.028456
0.026835
0.029604
0.028362
0.028182
0.028161
0.028518
0.028828
0.027742
0.029080
0.030314
0.029109
0.028152
0.026805
0.028477
0.028609
0.026592
0.027741
0.027195
0.029324
0.029940
0.029383
0.028901
0.029471
0.029450
0.029933
0.029881
0.029876
0.029663
0.029908
0.033302
0.030883
0.030335
0.031100
0.030951
0.031356
0.031516
0.030740
0.031406
0.030925
0.031328
0.030739
0.030858
0.031472
0.031415
0.031714
0.030939
0.031743
0.031922
0.030618
0.031214
0.031038
0.032210
0.032068
0.031207
0.031621
0.031229
0.031086
0.031735
0.031181
0.030562
0.031159
0.032642
0.031097
0.031425
0.031381
0.029936
0.029135
0.031023
0.031267
0.032422
0.031831
0.031951
0.031529
0.031941
0.033017
0.032054
0.032498
0.032636
0.032153
0.032381
0.032451
0.033460
0.031684
0.033216
0.032091
0.032434
0.031619
0.032391
0.032454
0.032395
0.031237
0.031874
0.031892
0.031671
0.032032
0.032478
0.032904
0.031578
0.031210
0.032445
0.031708
0.032429
0.031349
0.031828
0.032608
0.032528
0.032764
0.033008
0.031512
0.032908
0.033604
0.032689
0.032681
0.032442
0.033488
0.032471
0.033815
0.033441
0.033354
0.033666
0.033246
0.032082
0.034770
0.034718
0.034507
0.034233
0.031982
0.034750
0.034761
0.033939
0.033030
0.034276
0.034393
0.032239
0.033074
0.033628
0.033476
0.033613
0.033283
0.033967
0.034188
0.033994
0.034343
0.033263
0.034899
0.033781
0.033529
0.033840
0.034107
0.035236
0.034031
0.033911
0.037904
0.034290
0.034381
0.034476
0.034927
0.034332
0.034680
0.034927
0.034344
0.034914
0.034825
0.033535
0.035540
0.034944
0.033990
0.035481
0.034686
0.035708
0.035307
0.035060
0.035874
0.035667
0.035676
0.035512
0.036184
0.036287
0.035490
0.035603
0.035600
0.036048
0.037085
0.034787
0.034343
0.037318
0.035858
0.036172
0.035946
0.036196
0.043774
0.038527
0.037750
0.040165
0.036597
0.035490
0.035885
0.035405
0.036522
0.037600
0.036682
0.036460
0.036477
0.036423
0.036477
0.036481
0.035533
0.037300
0.037558
0.036771
0.038024
0.036971
0.037558
0.037123
0.037931
0.037710
0.038574
0.037893
0.036499
0.037864
0.038284
0.037864
0.038259
0.038623
0.038341
0.038014
0.039195
0.038522
0.038872
0.038162
0.038592
0.039325
0.038092
0.037097
0.040674
0.038707
0.038786
0.038353
0.039098
0.040280
0.039667
0.038861
0.039324
0.039414
0.038588
0.039522
0.039210
0.039481
0.037119
0.039062
0.039508
0.039431
0.039586
0.040736
0.040688
0.039905
0.039634
0.039830
0.039834
0.041066
0.042775
0.041172
0.040918
0.041849
0.041467
0.040938
0.041069
0.040682
0.040406
0.040437
0.040127
0.040239
0.040064
0.040879
0.041008
0.040145
0.041506
0.040567
0.041328
0.040336
0.040891
0.040246
0.040848
0.041694
0.041723
0.041120
0.040818
0.041534
0.041108
0.041399
0.043250
0.042470
0.041099
0.042649
0.042493
0.042613
0.042920
0.041577
0.043741
0.042723
0.041539
0.042938
0.042636
0.040995
0.042324
0.043325
0.042906
0.046065
0.045148
0.044972
0.044477
0.044640
0.044944
0.047164
0.082763
0.052321
0.043921
0.043546
0.043104
0.042851
0.042839
0.043614
0.042663
0.043748
0.044529
0.044984
0.045053
0.044984
0.051619
0.045547
0.043850
0.051236
0.050963
0.044498
0.044721
0.044771
0.044574
0.045094
0.044747
0.044087
0.043005
0.044846
0.043584
0.045844
0.047355
0.048190
0.046118
0.045410
0.047419
0.046335
0.047431
0.046379
0.047054
0.046939
0.045575
0.046589
0.045580
0.046088
0.046082
0.045993
0.045427
0.046555
0.045627
0.045868
0.046260
0.045934
0.046493
0.046032
0.046172
0.046324
0.047792
0.045977
0.047075
0.048128
0.047475
0.046769
0.048906
0.049249
0.047958
0.047520
0.047219
0.047229
0.047660
0.047294
0.048128
0.047474
0.047377
0.047770
0.047763
0.048366
0.048025
0.048703
0.048156
0.049293
0.048051
0.047914
0.046323
0.047671
0.048249
0.048260
0.047907
0.047707
0.047962
0.048523
0.048686
0.049063
0.049562
0.048566
0.048528
0.049497
0.048841
0.049925
0.049377
0.048647
0.049401
0.049396
0.049165
0.048834
0.049831
0.049334
