0.000054
0.000042
0.000049
0.000041
0.000041
0.000044
0.000044
0.000042
0.000046
0.000041
0.000043
0.000042
0.000040
0.000044
0.000042
0.000042
0.000044
0.000043
0.000057
0.000045
0.000046
0.000039
0.000042
0.000044
0.000042
0.000043
0.000043
0.000041
0.000043
0.000042
0.000043
0.000044
0.000041
0.000042
0.000041
0.000043
0.000045
0.000039
0.000039
0.000041
0.000039
0.000049
0.000054
0.000041
0.000043
0.000042
0.000042
0.000044
0.000043
0.000041
0.000042
0.000046
0.000040
0.000044
0.000040
0.000041
0.000044
0.000041
0.000041
0.000040
0.000042
0.000044
0.000040
0.000042
0.000042
0.000051
0.000041
0.000043
0.000042
0.000045
0.000044
0.000043
0.000041
0.000039
0.000042
0.000043
0.000041
0.000041
0.000043
0.000043
0.000040
0.000040
0.000043
0.000044
0.000042
0.000042
0.000042
0.000044
0.000040
0.000055
0.000038
0.000044
0.000046
0.000041
0.000044
0.000045
0.000042
0.000038
0.000041
0.000039
0.000044
0.000041
0.000042
0.000038
0.000041
0.000041
0.000041
0.000043
0.000040
0.000042
0.000040
0.000044
0.000057
0.000041
0.000042
0.000043
0.000042
0.000043
0.000047
0.000043
0.000041
0.000043
0.000041
0.000043
0.000039
0.000045
0.000040
0.000041
0.000043
0.000042
0.000040
0.000042
0.000042
0.000042
0.000050
0.000043
0.000045
0.000045
0.000041
0.000041
0.000041
0.000040
0.000044
0.000043
0.000043
0.000041
0.000043
0.000043
0.000043
0.000044
0.000045
0.000040
0.000043
0.000040
0.000040
0.000042
0.000045
0.000050
0.000042
0.000041
0.000043
0.000043
0.000044
0.000043
0.000042
0.000050
0.000045
0.000040
0.000044
0.000043
0.000043
0.000043
0.000040
0.000044
0.000040
0.000040
0.000044
0.000040
0.000042
0.000107
0.000044
0.000042
0.000041
0.000042
0.000043
0.000044
0.000040
0.000040
0.000046
0.000044
0.000042
0.000039
0.000044
0.000040
0.000041
0.000043
0.000043
0.000042
0.000044
0.000044
0.000044
0.000101
0.000042
0.000041
0.000040
0.000044
0.000041
0.000044
0.000042
0.000042
0.000041
0.000041
0.000046
0.000041
0.000041
0.000043
0.000040
0.000042
0.000040
0.000039
0.000042
0.000042
0.000058
0.000042
0.000041
0.000043
0.000040
0.000043
0.000042
0.000042
0.000043
0.000040
0.000041
0.000041
0.000040
0.000042
0.000043
0.000043
0.000041
0.000042
0.000041
0.000042
0.000042
0.000042
0.000041
0.000042
0.000058
0.000041
0.000043
0.000042
0.000043
0.000041
0.000043
0.000042
0.000039
0.000039
0.000042
0.000038
0.000043
0.000042
0.000042
0.000040
0.000044
0.000041
0.000041
0.000041
0.000038
0.000041
0.000040
0.000056
0.000042
0.000040
0.000041
0.000043
0.000042
0.000044
0.000041
0.000044
0.000042
0.000048
0.000045
0.000041
0.000040
0.000043
0.000042
0.000041
0.000040
0.000043
0.000041
0.000042
0.000044
0.000041
0.000061
0.000041
0.000043
0.000045
0.000042
0.000041
0.000042
0.000042
0.000042
0.000040
0.000046
0.000042
0.000040
0.000040
0.000042
0.000041
0.000039
0.000039
0.000042
0.000044
0.000042
0.000044
0.000051
0.000039
0.000042
0.000040
0.000039
0.000041
0.000043
0.000041
0.000042
0.000041
0.000044
0.000041
0.000047
0.000043
0.000043
0.000043
0.000045
0.000042
0.000041
0.000044
0.000043
0.000041
0.000039
0.000049
0.000042
0.000042
0.000042
0.000042
0.000041
0.000044
0.000041
0.000040
0.000043
0.000044
0.000042
0.000046
0.000041
0.000043
0.000043
0.000044
0.000042
0.000040
0.000041
0.000043
0.000044
0.000046
0.000087
0.000041
0.000045
0.000042
0.000042
0.000041
0.000040
0.000041
0.000042
0.000042
0.000044
0.000045
0.000041
0.000042
0.000042
0.000044
0.000039
0.000041
0.000040
0.000042
0.000042
0.000042
0.000056
0.000042
0.000042
0.000043
0.000043
0.000043
0.000042
0.000040
0.000042
0.000043
0.000043
0.000042
0.000043
0.000043
0.000041
0.000040
0.000046
0.000043
0.000040
0.000042
0.000044
0.000043
0.000041
0.000051
0.000041
0.000044
0.000042
0.000041
0.000040
0.000043
0.000041
0.000043
0.000043
0.000041
0.000041
0.000044
0.000040
0.000041
0.000040
0.000043
0.000041
0.000039
0.000043
0.000044
0.000040
0.000041
0.000049
0.000044
0.000041
0.000044
0.000042
0.000042
0.000044
0.000041
0.000043
0.000042
0.000042
0.000042
0.000043
0.000042
0.000043
0.000047
0.000040
0.000042
0.000043
0.000043
0.000043
0.000042
0.000042
0.000092
0.000046
0.000043
0.000044
0.000048
0.000041
0.000042
0.000040
0.000044
0.000041
0.000040
0.000044
0.000041
0.000084
0.000044
0.000044
0.000046
0.000043
0.000049
0.000047
0.000044
0.000044
0.000046
0.000044
0.000044
0.000044
0.000046
0.000043
0.000043
0.000039
0.000044
0.000044
0.000045
0.000044
0.000061
0.000042
0.000045
0.000042
0.000044
0.000043
0.000039
0.000040
0.000042
0.000042
0.000044
0.000042
0.000044
0.000040
0.000041
0.000041
0.000041
0.000045
0.000047
0.000045
0.000041
0.000041
0.000040
0.000087
0.000044
0.000045
0.000042
0.000045
0.000042
0.000045
0.000048
0.000040
0.000043
0.000046
0.000042
0.000044
0.000043
0.000041
0.000043
0.000044
0.000044
0.000044
0.000043
0.000043
0.000103
0.000047
0.000044
0.000052
0.000048
0.000045
0.000045
0.000047
0.000047
0.000047
0.000041
0.000043
0.000047
0.000042
0.000044
0.000044
0.000045
0.000043
0.000042
0.000044
0.000084
0.000049
0.000045
0.000038
0.000048
0.000043
0.000044
0.000042
0.000043
0.000046
0.000043
0.000043
0.000043
0.000042
0.000041
0.000041
0.000041
0.000042
0.000042
0.000040
0.000042
0.000042
0.000069
0.000041
0.000044
0.000043
0.000041
0.000041
0.000042
0.000044
0.000041
0.000043
0.000043
0.000045
0.000044
0.000040
0.000042
0.000041
0.000042
0.000046
0.000047
0.000043
0.000045
0.000045
0.000060
0.000045
0.000044
0.000044
0.000043
0.000044
0.000044
0.000043
0.000049
0.000042
0.000044
0.000046
0.000041
0.000040
0.000041
0.000043
0.000043
0.000044
0.000044
0.000043
0.000042
0.000044
0.000079
0.000042
0.000054
0.000043
0.000045
0.000044
0.000046
0.000044
0.000043
0.000044
0.000049
0.000043
0.000042
0.000042
0.000044
0.000039
0.000038
0.000042
0.000043
0.000045
0.000041
0.000093
0.000041
0.000042
0.000042
0.000043
0.000041
0.000044
0.000040
0.000043
0.000044
0.000038
0.000040
0.000043
0.000043
0.000044
0.000041
0.000045
0.000044
0.000040
0.000043
0.000042
0.000042
0.000085
0.000049
0.000045
0.000042
0.000042
0.000045
0.000043
0.000043
0.000043
0.000045
0.000042
0.000043
0.000042
0.000041
0.000041
0.000041
0.000040
0.000043
0.000040
0.000043
0.000041
0.000043
0.000050
0.000043
0.000045
0.000042
0.000041
0.000041
0.000042
0.000044
0.000044
0.000044
0.000044
0.000042
0.000042
0.000041
0.000045
0.000041
0.000042
0.000043
0.000046
0.000044
0.000041
0.000042
0.000040
0.000057
0.000040
0.000043
0.000042
0.000041
0.000041
0.000047
0.000040
0.000041
0.000041
0.000041
0.000043
0.000040
0.000042
0.000041
0.000041
0.000044
0.000047
0.000041
0.000039
0.000041
0.000040
0.000043
0.000068
0.000043
0.000039
0.000045
0.000043
0.000044
0.000041
0.000043
0.000043
0.000042
0.000045
0.000043
0.000042
0.000041
0.000044
0.000038
0.000045
0.000041
0.000044
0.000043
0.000041
0.000045
0.000052
0.000042
0.000041
0.000045
0.000044
0.000040
0.000042
0.000041
0.000040
0.000040
0.000041
0.000044
0.000038
0.000041
0.000041
0.000041
0.000041
0.000039
0.000040
0.000043
0.000041
0.000044
0.000041
0.000048
0.000045
0.000044
0.000039
0.000042
0.000039
0.000042
0.000041
0.000043
0.000043
0.000046
0.000043
0.000039
0.000040
0.000041
0.000040
0.000038
0.000040
0.000040
0.000043
0.000040
0.000040
0.000040
0.000043
0.000056
0.000042
0.000041
0.000043
0.000043
0.000039
0.000043
0.000044
0.000044
0.000041
0.000040
0.000043
0.000040
0.000042
0.000045
0.000042
0.000042
0.000039
0.000042
0.000043
0.000043
0.000041
0.000043
0.000073
0.000044
0.000041
0.000043
0.000040
0.000040
0.000043
0.000040
0.000046
0.000043
0.000043
0.000042
0.000041
0.000041
0.000041
0.000041
0.000042
0.000040
0.000043
0.000043
0.000045
0.000040
0.000051
0.000043
0.000039
0.000041
0.000043
0.000041
0.000042
0.000043
0.000043
0.000048
0.000042
0.000043
0.000043
0.000046
0.000041
0.000042
0.000046
0.000043
0.000040
0.000045
0.000046
0.000043
0.000047
0.000045
0.000041
0.000040
0.000040
0.000043
0.000042
0.000043
0.000040
0.000042
0.000044
0.000043
0.000042
0.000040
0.000040
0.000041
0.000043
0.000044
0.000041
0.000042
0.000042
0.000042
0.000041
0.000040
0.000056
0.000044
0.000041
0.000043
0.000041
0.000041
0.000046
0.000040
0.000045
0.000043
0.000044
0.000044
0.000043
0.000041
0.000041
0.000041
0.000042
0.000044
0.000042
0.000044
0.000042
0.000043
0.000055
0.000054
0.000044
0.000043
0.000044
0.000042
0.000043
0.000041
0.000043
0.000042
0.000042
0.000047
0.000043
0.000056
0.000040
0.000044
0.000045
0.000049
0.000053
0.000044
0.000046
0.000046
0.000044
0.000042
0.000042
0.000042
0.000041
0.000039
0.000043
0.000044
0.000043
0.000043
0.000043
0.000040
0.000045
0.000070
0.000044
0.000041
0.000043
0.000039
0.000041
0.000041
0.000039
0.000043
0.000046
0.000046
0.000040
0.000043
0.000042
0.000041
0.000045
0.000042
0.000041
0.000044
0.000045
0.000040
0.000041
0.000040
0.000084
0.000055
0.000053
0.000048
0.000060
0.000050
0.000050
0.000052
0.000050
0.000051
0.000050
0.000052
0.000050
0.000056
0.000051
0.000049
0.000053
0.000046
0.000087
0.000054
0.000045
0.000049
0.000043
0.000045
0.000039
0.000043
0.000044
0.000042
0.000039
0.000043
0.000044
0.000041
0.000041
0.000044
