0.000046
0.000041
0.000047
0.000044
0.000045
0.000042
0.000048
0.000042
0.000045
0.000055
0.000043
0.000044
0.000042
0.000045
0.000042
0.000043
0.000045
0.000046
0.000043
0.000045
0.000046
0.000042
0.000042
0.000048
0.000043
0.000044
0.000045
0.000042
0.000045
0.000042
0.000045
0.000055
0.000042
0.000044
0.000044
0.000045
0.000044
0.000041
0.000040
0.000042
0.000042
0.000043
0.000043
0.000042
0.000045
0.000043
0.000042
0.000044
0.000046
0.000042
0.000044
0.000048
0.000042
0.000055
0.000042
0.000042
0.000045
0.000043
0.000043
0.000043
0.000042
0.000045
0.000041
0.000043
0.000044
0.000044
0.000042
0.000043
0.000044
0.000045
0.000042
0.000044
0.000044
0.000041
0.000042
0.000082
0.000043
0.000042
0.000045
0.000044
0.000042
0.000042
0.000046
0.000044
0.000044
0.000041
0.000045
0.000043
0.000042
0.000042
0.000041
0.000044
0.000043
0.000043
0.000046
0.000044
0.000044
0.000065
0.000042
0.000042
0.000045
0.000046
0.000042
0.000039
0.000042
0.000044
0.000041
0.000044
0.000041
0.000045
0.000041
0.000045
0.000042
0.000042
0.000042
0.000045
0.000043
0.000045
0.000043
0.000064
0.000042
0.000045
0.000042
0.000044
0.000042
0.000046
0.000043
0.000042
0.000045
0.000041
0.000040
0.000043
0.000045
0.000043
0.000042
0.000044
0.000045
0.000047
0.000042
0.000042
0.000043
0.000057
0.000045
0.000045
0.000043
0.000042
0.000045
0.000044
0.000044
0.000045
0.000045
0.000042
0.000043
0.000042
0.000062
0.000043
0.000046
0.000044
0.000044
0.000040
0.000045
0.000044
0.000045
0.000044
0.000042
0.000047
0.000063
0.000041
0.000046
0.000044
0.000045
0.000045
0.000041
0.000046
0.000041
0.000041
0.000045
0.000041
0.000043
0.000044
0.000040
0.000042
0.000041
0.000044
0.000044
0.000043
0.000044
0.000041
0.000096
0.000043
0.000044
0.000041
0.000046
0.000042
0.000045
0.000046
0.000044
0.000045
0.000043
0.000043
0.000044
0.000046
0.000041
0.000043
0.000041
0.000046
0.000043
0.000047
0.000044
0.000077
0.000043
0.000044
0.000044
0.000042
0.000044
0.000045
0.000042
0.000044
0.000042
0.000041
0.000044
0.000044
0.000044
0.000043
0.000044
0.000043
0.000042
0.000044
0.000045
0.000045
0.000043
0.000055
0.000043
0.000043
0.000043
0.000044
0.000045
0.000044
0.000043
0.000043
0.000041
0.000043
0.000044
0.000043
0.000042
0.000044
0.000045
0.000043
0.000043
0.000043
0.000044
0.000042
0.000042
0.000060
0.000041
0.000042
0.000042
0.000040
0.000045
0.000042
0.000043
0.000041
0.000045
0.000042
0.000043
0.000041
0.000040
0.000043
0.000043
0.000043
0.000041
0.000042
0.000042
0.000043
0.000044
0.000066
0.000043
0.000045
0.000047
0.000047
0.000043
0.000042
0.000041
0.000044
0.000042
0.000043
0.000043
0.000044
0.000043
0.000042
0.000045
0.000042
0.000045
0.000042
0.000045
0.000044
0.000044
0.000088
0.000043
0.000044
0.000043
0.000041
0.000045
0.000042
0.000041
0.000043
0.000042
0.000042
0.000041
0.000041
0.000043
0.000046
0.000042
0.000045
0.000042
0.000041
0.000042
0.000042
0.000040
0.000052
0.000048
0.000044
0.000042
0.000043
0.000046
0.000042
0.000054
0.000049
0.000046
0.000052
0.000046
0.000050
0.000051
0.000045
0.000052
0.000049
0.000048
0.000049
0.000043
0.000043
0.000052
0.000045
0.000042
0.000046
0.000075
0.000042
0.000044
0.000054
0.000043
0.000043
0.000043
0.000045
0.000043
0.000045
0.000042
0.000043
0.000042
0.000043
0.000046
0.000046
0.000043
0.000054
0.000044
0.000043
0.000043
0.000044
0.000041
0.000042
0.000042
0.000041
0.000045
0.000045
0.000041
0.000042
0.000045
0.000044
0.000041
0.000041
0.000042
0.000042
0.000043
0.000042
0.000044
0.000061
0.000043
0.000044
0.000044
0.000044
0.000043
0.000040
0.000043
0.000044
0.000044
0.000042
0.000045
0.000056
0.000041
0.000043
0.000046
0.000045
0.000042
0.000043
0.000044
0.000043
0.000041
0.000044
0.000043
0.000045
0.000046
0.000043
0.000041
0.000045
0.000042
0.000043
0.000044
0.000042
0.000040
0.000045
0.000052
0.000042
0.000039
0.000044
0.000043
0.000040
0.000045
0.000045
0.000041
0.000042
0.000042
0.000044
0.000042
0.000045
0.000043
0.000043
0.000045
0.000042
0.000044
0.000042
0.000042
0.000044
0.000084
0.000044
0.000043
0.000044
0.000041
0.000042
0.000043
0.000044
0.000044
0.000042
0.000043
0.000043
0.000045
0.000042
0.000044
0.000044
0.000042
0.000043
0.000040
0.000044
0.000043
0.000041
0.000058
0.000043
0.000043
0.000042
0.000043
0.000044
0.000042
0.000046
0.000043
0.000042
0.000044
0.000044
0.000043
0.000043
0.000045
0.000045
0.000042
0.000041
0.000040
0.000042
0.000045
0.000043
0.000057
0.000041
0.000043
0.000045
0.000042
0.000044
0.000043
0.000040
0.000041
0.000043
0.000042
0.000045
0.000042
0.000045
0.000041
0.000041
0.000042
0.000043
0.000044
0.000048
0.000047
0.000042
0.000058
0.000041
0.000044
0.000042
0.000045
0.000040
0.000043
0.000042
0.000044
0.000043
0.000039
0.000044
0.000047
0.000040
0.000043
0.000047
0.000045
0.000043
0.000045
0.000041
0.000044
0.000042
0.000044
0.000092
0.000045
0.000044
0.000044
0.000045
0.000042
0.000044
0.000046
0.000045
0.000046
0.000042
0.000042
0.000047
0.000042
0.000043
0.000043
0.000044
0.000042
0.000044
0.000045
0.000042
0.000064
0.000046
0.000040
0.000046
0.000044
0.000044
0.000043
0.000040
0.000049
0.000045
0.000041
0.000045
0.000044
0.000041
0.000042
0.000043
0.000044
0.000043
0.000041
0.000042
0.000044
0.000042
0.000060
0.000045
0.000044
0.000043
0.000041
0.000044
0.000044
0.000040
0.000044
0.000046
0.000045
0.000045
0.000042
0.000041
0.000041
0.000042
0.000049
0.000046
0.000042
0.000043
0.000043
0.000045
0.000078
0.000045
0.000043
0.000043
0.000041
0.000043
0.000045
0.000048
0.000042
0.000042
0.000041
0.000042
0.000075
0.000050
0.000057
0.000056
0.000044
0.000044
0.000042
0.000043
0.000044
0.000041
0.000039
0.000097
0.000066
0.000044
0.000044
0.000045
0.000043
0.000044
0.000044
0.000046
0.000043
0.000042
0.000041
0.000044
0.000039
0.000040
0.000042
0.000042
0.000044
0.000041
0.000065
0.000042
0.000042
0.000043
0.000044
0.000039
0.000042
0.000041
0.000044
0.000044
0.000039
0.000039
0.000042
0.000043
0.000044
0.000043
0.000044
0.000047
0.000044
0.000044
0.000042
0.000042
0.000046
0.000071
0.000047
0.000042
0.000044
0.000044
0.000043
0.000044
0.000043
0.000046
0.000043
0.000045
0.000043
0.000042
0.000041
0.000042
0.000043
0.000042
0.000042
0.000044
0.000042
0.000046
0.000065
0.000046
0.000046
0.000042
0.000044
0.000043
0.000042
0.000048
0.000044
0.000043
0.000044
0.000041
0.000043
0.000044
0.000044
0.000041
0.000042
0.000045
0.000046
0.000044
0.000042
0.000043
0.000090
0.000053
0.000042
0.000046
0.000042
0.000042
0.000043
0.000046
0.000047
0.000042
0.000041
0.000042
0.000045
0.000041
0.000043
0.000042
0.000041
0.000046
0.000051
0.000042
0.000039
0.000090
0.000046
0.000044
0.000041
0.000044
0.000042
0.000044
0.000044
0.000045
0.000043
0.000044
0.000044
0.000043
0.000045
0.000044
0.000042
0.000042
0.000044
0.000040
0.000045
0.000040
0.000045
0.000061
0.000042
0.000046
0.000043
0.000043
0.000042
0.000045
0.000046
0.000041
0.000042
0.000042
0.000042
0.000043
0.000042
0.000045
0.000040
0.000043
0.000043
0.000043
0.000042
0.000040
0.000042
0.000057
0.000042
0.000046
0.000041
0.000043
0.000046
0.000047
0.000041
0.000044
0.000041
0.000043
0.000043
0.000043
0.000042
0.000044
0.000046
0.000040
0.000042
0.000041
0.000042
0.000039
0.000042
0.000057
0.000063
0.000041
0.000041
0.000041
0.000044
0.000048
0.000043
0.000042
0.000044
0.000043
0.000041
0.000044
0.000042
0.000044
0.000041
0.000043
0.000043
0.000042
0.000043
0.000047
0.000045
0.000068
0.000044
0.000044
0.000045
0.000045
0.000041
0.000047
0.000042
0.000045
0.000045
0.000046
0.000042
0.000041
0.000046
0.000042
0.000046
0.000042
0.000045
0.000043
0.000043
0.000045
0.000045
0.000052
0.000045
0.000042
0.000045
0.000046
0.000046
0.000041
0.000042
0.000043
0.000041
0.000042
0.000043
0.000042
0.000044
0.000044
0.000045
0.000047
0.000042
0.000052
0.000046
0.000046
0.000048
0.000047
0.000046
0.000045
0.000040
0.000048
0.000044
0.000072
0.000042
0.000045
0.000042
0.000041
0.000043
0.000044
0.000044
0.000043
0.000042
0.000040
0.000044
0.000044
0.000043
0.000041
0.000042
0.000042
0.000045
0.000045
0.000043
0.000044
0.000043
0.003037
0.000042
0.000042
0.000045
0.000045
0.000042
0.000046
0.000041
0.000043
0.000045
0.000042
0.000041
0.000043
0.000046
0.000045
0.000044
0.000042
0.000046
0.000043
0.000042
0.000045
0.008417
0.000050
0.000043
0.000045
0.000046
0.000040
0.000044
0.000043
0.000045
0.000044
0.000043
0.000042
0.000044
0.000042
0.000042
0.000042
0.000043
0.000042
0.000040
0.000045
0.000045
0.000044
0.000061
0.000046
0.000043
0.000046
0.000045
0.000042
0.000041
0.000042
0.000041
0.000041
0.000047
0.000045
0.000044
0.000046
0.000043
0.000043
0.000044
0.000047
0.000043
0.000040
0.000046
0.000039
0.000052
0.000042
0.000040
0.000043
0.000045
0.000043
0.000042
0.000043
0.000043
0.000041
0.000046
0.000045
0.000044
0.000045
0.000046
0.000040
0.000041
0.000042
0.000041
0.000044
0.000043
0.000042
0.000042
0.000061
0.000043
0.000043
0.000044
0.000044
0.000042
0.000045
0.000042
0.000043
0.000042
0.000044
0.000048
0.000042
0.000040
0.000044
0.000042
0.000044
0.000043
0.000045
0.000040
0.000042
0.000044
0.000101
0.000042
0.000043
0.000047
0.000042
0.000042
0.000045
