0.000465
0.001322
0.002225
0.003135
0.003966
0.004805
0.005661
0.006653
0.004406
0.004672
0.005497
0.006294
0.004747
0.004551
0.005337
0.006234
0.004778
0.004554
0.005397
0.006243
0.004712
0.004440
0.005252
0.006209
0.004835
0.004537
0.005196
0.006095
0.004899
0.004487
0.005281
0.006138
0.004961
0.004449
0.005249
0.006000
0.004999
0.004186
0.005033
0.005747
0.005734
0.004246
0.004989
0.005723
0.005895
0.004171
0.004909
0.005663
0.006145
0.004114
0.004795
0.005816
0.006199
0.004009
0.004659
0.005501
0.006177
0.004489
0.004549
0.005146
0.005874
0.005410
0.004223
0.004921
0.005701
0.006050
0.003936
0.004682
0.005120
0.006113
0.004944
0.004224
0.004794
0.005461
0.005949
0.004343
0.004306
0.004911
0.005568
0.006306
0.003890
0.004307
0.005060
0.005522
0.006064
0.003881
0.004499
0.005012
0.005559
0.006074
0.003897
0.004432
0.004770
0.005390
0.006073
0.004544
0.004384
0.004707
0.005180
0.005740
0.005299
0.004092
0.004468
0.005045
0.005543
0.006111
0.004353
0.004292
0.004656
0.005215
0.005550
0.005910
0.004048
0.004404
0.004780
0.005303
0.005835
0.005441
0.004125
0.004436
0.004909
0.005323
0.005689
0.005717
0.004366
0.004655
0.005024
0.006147
0.007097
0.007262
0.005237
0.005584
0.005971
0.008563
0.005991
0.006292
0.004475
0.004562
0.004722
0.005155
0.005554
0.005892
0.005282
0.004379
0.004676
0.005103
0.005425
0.005782
0.006173
0.004225
0.004667
0.004760
0.005092
0.005520
0.005806
0.005660
0.004437
0.004660
0.005045
0.005239
0.005553
0.006166
0.004830
0.004449
0.004710
0.005047
0.005629
0.005898
0.006107
0.004901
0.004599
0.004793
0.005007
0.005422
0.006160
0.006150
0.005436
0.004497
0.004624
0.005009
0.005276
0.006249
0.005877
0.006200
0.004666
0.004637
0.004823
0.005011
0.005572
0.005679
0.006034
0.005998
0.004561
0.004635
0.005059
0.005290
0.005518
0.005952
0.006225
0.004943
0.004589
0.004990
0.005110
0.005408
0.005840
0.006250
0.006039
0.004648
0.004938
0.005124
0.005472
0.005710
0.005973
0.006150
0.005574
0.004727
0.004842
0.004989
0.005315
0.005492
0.005809
0.006049
0.006129
0.004616
0.004841
0.005147
0.005312
0.005671
0.005934
0.006157
0.006209
0.004725
0.004975
0.005257
0.005483
0.005699
0.006058
0.006319
0.006803
0.005196
0.004906
0.004934
0.005134
0.005415
0.005572
0.005888
0.006224
0.006090
0.004780
0.004811
0.004988
0.005144
0.005574
0.005762
0.005916
0.006277
0.005087
0.004551
0.004854
0.004979
0.005392
0.005699
0.008084
0.006135
0.006265
0.004952
0.004555
0.004735
0.004923
0.005188
0.005386
0.005633
0.006056
0.006361
0.004863
0.004554
0.004812
0.005042
0.005262
0.005503
0.005766
0.005896
0.006241
0.004495
0.004598
0.004701
0.004835
0.005223
0.005545
0.005668
0.006021
0.006286
0.004945
0.004451
0.004672
0.004881
0.005148
0.005433
0.005507
0.005976
0.006076
0.005477
0.004750
0.004631
0.004740
0.005048
0.005264
0.005516
0.005864
0.006245
0.006361
0.004824
0.004552
0.004808
0.004927
0.005072
0.005380
0.005571
0.005667
0.006063
0.006118
0.004520
0.004514
0.004771
0.005009
0.005128
0.005362
0.005600
0.005830
0.006211
0.005327
0.004503
0.004688
0.004826
0.005076
0.005215
0.005322
0.005646
0.006011
0.006185
0.004817
0.004569
0.004674
0.004859
0.005084
0.005163
0.005436
0.005737
0.005934
0.006064
0.005380
0.004567
0.004647
0.004932
0.005079
0.005207
0.005438
0.005763
0.005967
0.006076
0.004877
0.004814
0.004695
0.004825
0.005051
0.005242
0.005485
0.005709
0.006000
0.006225
0.004762
0.004465
0.004607
0.004898
0.005521
0.005202
0.005362
0.005576
0.005819
0.006026
0.005544
0.004825
0.004820
0.004777
0.004894
0.005128
0.005250
0.005605
0.005741
0.006094
0.006173
0.004915
0.004570
0.004672
0.004785
0.005034
0.005106
0.005264
0.005640
0.005851
0.006002
0.005705
0.004450
0.004653
0.004707
0.004955
0.005014
0.005301
0.005384
0.005561
0.005650
0.006029
0.005732
0.004763
0.004895
0.004735
0.004866
0.005099
0.005260
0.005486
0.005543
0.005789
0.005836
0.005711
0.004736
0.004570
0.004587
0.004861
0.004891
0.009674
0.005361
0.005463
0.005755
0.005905
0.006073
0.004996
0.004510
0.004759
0.004733
0.004988
0.005237
0.005410
0.005423
0.005694
0.005677
0.005932
0.005518
0.004508
0.004617
0.004766
0.004973
0.005117
0.005288
0.005377
0.005542
0.005828
0.006001
0.005961
0.004381
0.004585
0.004762
0.004869
0.005106
0.005181
0.005381
0.005548
0.005770
0.005873
0.006134
0.005399
0.004565
0.004691
0.004739
0.005051
0.004989
0.005250
0.005449
0.005584
0.005690
0.005854
0.005896
0.005548
0.004593
0.004709
0.004721
0.004892
0.005013
0.005324
0.005295
0.005641
0.005702
0.005887
0.006020
0.006093
0.004529
0.004738
0.004869
0.005088
0.005114
0.005339
0.005359
0.005482
0.005756
0.005895
0.005956
0.005507
0.004483
0.004621
0.004843
0.004927
0.005118
0.005107
0.005366
0.005511
0.005726
0.005705
0.006050
0.006164
0.004621
0.004682
0.004788
0.004997
0.005100
0.005175
0.005265
0.005466
0.005546
0.005771
0.005911
0.005796
0.005001
0.004595
0.004641
0.004947
0.005043
0.005127
0.005345
0.005394
0.005692
0.005693
0.005923
0.005980
0.006040
0.004726
0.004707
0.004905
0.004972
0.005041
0.005253
0.005267
0.005652
0.005687
0.005715
0.005986
0.005940
0.005307
0.004678
0.004680
0.004999
0.005110
0.005166
0.005270
0.005457
0.005650
0.005737
0.005888
0.005941
0.008008
0.004544
0.004714
0.004847
0.004898
0.005012
0.005280
0.005343
0.005474
0.005576
0.005777
0.005948
0.006012
0.005781
0.004586
0.004674
0.004946
0.005026
0.005151
0.005264
0.005414
0.005539
0.005672
0.005834
0.006035
0.006180
0.006295
0.004972
0.004910
0.004923
0.005101
0.005111
0.005335
0.005290
0.005547
0.005671
0.005780
0.006004
0.006157
0.006120
0.004819
0.004742
0.004919
0.005022
0.005013
0.005189
0.005389
0.005506
0.005808
0.005653
0.006043
0.006221
0.006132
0.005327
0.004836
0.004870
0.004978
0.005087
0.005263
0.005344
0.005457
0.005590
0.005836
0.005809
0.005955
0.006112
0.005960
0.004825
0.004895
0.005024
0.005071
0.005177
0.005147
0.005410
0.005478
0.005594
0.005718
0.006008
0.006223
0.005991
0.005664
0.004623
0.004871
0.005007
0.004966
0.005187
0.005305
0.005408
0.005605
0.005960
0.005948
0.006182
0.006121
0.006547
0.005090
0.004779
0.004817
0.004991
0.005231
0.005186
0.005421
0.005471
0.005732
0.005747
0.005927
0.005945
0.006216
0.006106
0.004869
0.004998
0.004993
0.005035
0.005123
0.005154
0.005442
0.005595
0.005765
0.005704
0.005709
0.006116
0.006083
0.005916
0.004917
0.004912
0.005019
0.005000
0.005061
0.005256
0.005378
0.005449
0.005714
0.005766
0.005898
0.005889
0.006066
0.006311
0.005194
0.005088
0.004956
0.004998
0.005024
0.005241
0.005302
0.005360
0.005561
0.005635
0.005835
0.005860
0.006019
0.006117
0.005990
0.004723
0.004934
0.005079
0.005106
0.005100
0.005265
0.005404
0.005416
0.005546
0.005745
0.005621
0.005930
0.006112
0.006289
0.005496
0.004931
0.004956
0.004986
0.005064
0.005221
0.005298
0.005522
0.005575
0.005594
0.005766
0.005881
0.006082
0.006232
0.006473
0.004877
0.004976
0.004979
0.005036
0.005209
0.005390
0.005339
0.005529
0.005719
0.005661
0.005822
0.005957
0.006101
0.006074
0.006166
0.004887
0.004859
0.005130
0.005133
0.005151
0.005322
0.005520
0.005740
0.005700
0.005736
0.005991
0.006094
0.006237
0.006124
0.005558
0.004815
0.004973
0.005026
0.005229
0.005263
0.005460
0.005430
0.005612
0.005610
0.005760
0.005842
0.006002
0.006185
0.006078
0.006069
0.004852
0.004941
0.005026
0.005222
0.005272
0.005245
0.005415
0.005474
0.005592
0.005688
0.005875
0.006009
0.006050
0.006164
0.006343
0.005084
0.005012
0.005105
0.005187
0.005158
0.005232
0.005506
0.005757
0.005629
0.005756
0.005835
0.005991
0.006229
0.006131
0.006140
0.005291
0.005068
0.005055
0.005107
0.005235
0.005379
0.005402
0.005533
0.005711
0.005732
0.005865
0.005920
0.006105
0.006247
0.006440
0.005966
0.005222
0.005218
0.005164
0.005319
0.005174
0.005417
0.005438
0.005655
0.005723
0.005798
0.006094
0.006208
0.006303
0.006255
0.006366
0.005258
0.005108
0.005044
0.005403
0.005365
0.005319
0.005487
0.005656
0.005787
0.005853
0.006077
0.006089
0.006128
0.006218
0.006337
0.006203
0.005124
0.004959
0.005158
0.005261
0.005255
0.005348
0.005467
0.005577
0.005772
0.005770
0.005871
0.006004
0.006101
0.006096
0.006130
0.005664
0.004963
0.005021
0.005071
0.005151
0.005535
0.005454
0.005599
0.005815
0.005778
0.005757
0.006073
0.006198
0.006272
0.006594
0.006368
0.005435
0.005240
0.005380
0.005372
0.005379
0.005519
0.005542
0.005734
0.005772
0.005739
0.005984
0.005947
0.006155
0.006216
0.006226
0.006127
0.005678
0.005039
0.005127
0.005199
0.005335
0.006766
0.007581
0.014337
0.008145
0.005828
0.006790
0.006144
0.006258
0.006278
0.007988
0.006281
0.006215
0.005777
0.005211
0.005129
0.005378
0.005457
0.005518
0.005684
0.005701
0.005700
0.006032
0.005981
0.006137
0.006016
0.006142
0.006139
0.005981
0.004948
0.005057
0.005134
0.005281
0.005368
0.005357
0.005494
0.005578
0.005719
0.005756
0.005909
0.005983
0.006191
0.006299
0.006364
0.006245
0.005658
0.005043
0.005093
0.005173
0.005333
0.005320
0.005566
0.005606
0.005690
0.005815
0.005901
0.005977
0.006038
0.006074
0.006243
0.006348
0.006456
0.004940
0.005063
0.005074
0.005227
0.007274
0.005549
0.005487
0.005591
0.005699
0.005723
0.005995
0.005971
0.006093
0.006271
0.006316
0.006553
0.005657
0.005247
