0.000291
0.000350
0.000370
0.000363
0.000422
0.000368
0.000376
0.000423
0.000401
0.000401
0.000411
0.000409
0.000432
0.000443
0.000439
0.000443
0.000453
0.000475
0.000462
0.000472
0.000481
0.000469
0.000475
0.000494
0.000500
0.000509
0.000496
0.000517
0.000514
0.000521
0.000523
0.000551
0.000525
0.000560
0.000538
0.000571
0.000568
0.000534
0.000575
0.000558
0.000593
0.000586
0.000577
0.000600
0.000591
0.000621
0.000626
0.000626
0.000624
0.000612
0.000645
0.000656
0.000630
0.000670
0.000649
0.000652
0.000655
0.000666
0.000664
0.000683
0.000696
0.000688
0.000688
0.000697
0.000721
0.000730
0.000691
0.000716
0.000728
0.000730
0.000746
0.000717
0.000757
0.000762
0.000736
0.000764
0.000753
0.000790
0.000801
0.000784
0.000820
0.000777
0.000805
0.000626
0.000582
0.000592
0.000594
0.000587
0.000591
0.000588
0.000579
0.000608
0.000585
0.000609
0.000626
0.000616
0.000605
0.000601
0.000605
0.000594
0.000610
0.000588
0.000609
0.000603
0.000605
0.000636
0.000644
0.000607
0.000612
0.000608
0.000615
0.000610
0.000601
0.000606
0.000621
0.000608
0.000596
0.000594
0.000602
0.000598
0.000595
0.000608
0.000593
0.000601
0.000596
0.000608
0.000608
0.000613
0.000646
0.000605
0.000603
0.000615
0.000627
0.000596
0.000600
0.000604
0.000606
0.000624
0.000593
0.000607
0.000606
0.000598
0.000619
0.000623
0.000618
0.000635
0.000606
0.000614
0.000595
0.000589
0.000598
0.000589
0.000599
0.000583
0.000612
0.000603
0.000604
0.000595
0.000610
0.000610
0.000593
0.000605
0.000591
0.000609
0.000599
0.000605
0.000611
0.000611
0.000595
0.000606
0.000600
0.000609
0.000599
0.000603
0.000598
0.000602
0.000638
0.000607
0.000599
0.000648
0.000609
0.000581
0.000587
0.000592
0.000605
0.000588
0.000585
0.000602
0.000597
0.000585
0.000599
0.000583
0.000602
0.000600
0.000608
0.000604
0.000592
0.000604
0.000607
0.000598
0.000607
0.000604
0.000595
0.000629
0.000607
0.000616
0.000594
0.000618
0.000603
0.000620
0.000601
0.000603
0.000615
0.000593
0.000591
0.000596
0.000597
0.000592
0.000591
0.000573
0.000594
0.000594
0.000605
0.000595
0.000602
0.000604
0.000613
0.000623
0.000601
0.000591
0.000597
0.000593
0.000606
0.000605
0.000613
0.000593
0.000598
0.000603
0.000594
0.000606
0.000607
0.000598
0.000606
0.000619
0.000607
0.000602
0.000619
0.000581
0.000607
0.000593
0.000600
0.000602
0.000592
0.000598
0.000627
0.000593
0.000605
0.000589
0.000608
0.000601
0.000593
0.000608
0.000597
0.000602
0.000599
0.000601
0.000602
0.000599
0.000589
0.000601
0.000590
0.000588
0.000625
0.000605
0.000603
0.000613
0.000622
0.000611
0.000596
0.000629
0.000603
0.000579
0.000595
0.000586
0.000598
0.000593
0.000572
0.000607
0.000600
0.000593
0.000599
0.000596
0.000604
0.000602
0.000595
0.000601
0.000604
0.000599
0.000585
0.000622
0.000597
0.000597
0.000612
0.000599
0.000616
0.000608
0.000598
0.000608
0.000604
0.000602
0.000613
0.000598
0.000608
0.000595
0.000590
0.000592
0.000594
0.000594
0.000602
0.000589
0.000601
0.000596
0.000592
0.000595
0.000601
0.000602
0.000614
0.000590
0.000602
0.000625
0.000591
0.000604
0.000614
0.000602
0.000598
0.000591
0.000596
0.000597
0.000603
0.000605
0.000614
0.000604
0.000599
0.000615
0.000607
0.000606
0.000591
0.000606
0.000594
0.000595
0.000600
0.000597
0.000602
0.000638
0.000586
0.000600
0.000589
0.000595
0.000611
0.000639
0.000658
0.000624
0.000641
0.000606
0.000599
0.000634
0.000608
0.000623
0.000651
0.000619
0.000599
0.000621
0.000596
0.000606
0.000602
0.000598
0.000608
0.000603
0.000622
0.000587
0.000599
0.000602
0.000582
0.000600
0.000611
0.000588
0.000618
0.000612
0.000600
0.000618
0.000607
0.000607
0.000609
0.000592
0.000603
0.000615
0.000607
0.000621
0.000617
0.000617
0.000606
0.000593
0.000636
0.000620
0.000612
0.000617
0.000596
0.000620
0.000605
0.000609
0.000596
0.000625
0.000594
0.000621
0.000622
0.000612
0.000593
0.000631
0.000590
0.000606
0.000599
0.000607
0.000598
0.000593
0.000607
0.000628
0.000623
0.000613
0.000583
0.000602
0.000616
0.000596
0.000617
0.000609
0.000597
0.000605
0.000595
0.000627
0.000602
0.000590
0.000611
0.000615
0.000608
0.000600
0.000598
0.000586
0.000588
0.000588
0.000597
0.000593
0.000603
0.000613
0.000638
0.000602
0.000603
0.000605
0.000595
0.000604
0.000613
0.000617
0.000605
0.000595
0.000613
0.000597
0.000614
0.000615
0.000600
0.000607
0.000607
0.000611
0.000614
0.000589
0.000610
0.000615
0.000608
0.000615
0.000614
0.000634
0.000605
0.000596
0.000591
0.000608
0.000607
0.000598
0.000606
0.000598
0.000596
0.000618
0.000594
0.000610
0.000608
0.000597
0.000604
0.000609
0.000605
0.000622
0.000607
0.000609
0.000610
0.000623
0.000603
0.000598
0.000634
0.000628
0.000595
0.000611
0.000600
0.000590
0.000615
0.000602
0.000621
0.000614
0.000599
0.000598
0.000598
0.000597
0.000611
0.000605
0.000607
0.000612
0.000591
0.000611
0.000599
0.000622
0.000616
0.000597
0.000636
0.000599
0.000611
0.000614
0.000606
0.000610
0.000597
0.000615
0.000612
0.000609
0.000631
0.000617
0.000611
0.000602
0.000612
0.000616
0.000597
0.000609
0.000605
0.000603
0.000608
0.000595
0.000604
0.000603
0.000606
0.000646
0.000598
0.000611
0.000612
0.000611
0.000616
0.000640
0.000606
0.000618
0.000612
0.000604
0.000625
0.000598
0.000616
0.000606
0.000604
0.000611
0.000598
0.000617
0.000612
0.000600
0.000603
0.000625
0.000603
0.000641
0.000588
0.000618
0.000615
0.000592
0.000608
0.000606
0.000612
0.000619
0.000590
0.000598
0.000616
0.000613
0.000619
0.000614
0.000607
0.000607
0.000613
0.000624
0.000605
0.000627
0.000601
0.000616
0.000620
0.000601
0.000641
0.000622
0.000603
0.000617
0.000597
0.000624
0.000619
0.000600
0.000623
0.000606
0.000602
0.000607
0.000605
0.000618
0.000626
0.000609
0.000600
0.000602
0.000594
0.000617
0.000594
0.000621
0.000618
0.000617
0.000604
0.000638
0.000616
0.000602
0.000614
0.000632
0.000594
0.000600
0.000600
0.000615
0.000618
0.000597
0.000611
0.000608
0.000612
0.000617
0.000610
0.000620
0.000603
0.000592
0.000617
0.000617
0.000595
0.000605
0.000584
0.000631
0.000604
0.000600
0.000620
0.000629
0.000606
0.000609
0.000613
0.000624
0.000623
0.000606
0.000644
0.000611
0.000611
0.000619
0.000604
0.000627
0.000613
0.000623
0.000615
0.000624
0.000624
0.000611
0.000610
0.000645
0.000604
0.000607
0.000611
0.000624
0.000615
0.000597
0.000618
0.000609
0.000610
0.000605
0.000604
0.000600
0.000621
0.000622
0.000612
0.000608
0.000609
0.000617
0.000597
0.000610
0.000615
0.000605
0.000612
0.000643
0.000618
0.000622
0.000599
0.000618
0.000605
0.000621
0.000603
0.000605
0.000621
0.000600
0.000607
0.000626
0.000591
0.000614
0.000605
0.000621
0.000613
0.000595
0.000621
0.000615
0.000603
0.000624
0.000615
0.000621
0.000624
0.000610
0.000617
0.000608
0.000594
0.000622
0.000590
0.000614
0.000612
0.000622
0.000615
0.000623
0.000608
0.000607
0.000629
0.000616
0.000606
0.000635
0.000613
0.000608
0.000619
0.000601
0.000625
0.000611
0.000629
0.000648
0.000605
0.000614
0.000615
0.000605
0.000643
0.000620
0.000606
0.000619
0.000604
0.000617
0.000628
0.000612
0.000611
0.000624
0.000606
0.000633
0.000624
0.000599
0.000620
0.000621
0.000626
0.000659
0.000609
0.000627
0.000625
0.000612
0.000614
0.000607
0.000619
0.000610
0.000597
0.000620
0.000607
0.000616
0.000635
0.000604
0.000632
0.000604
0.000618
0.000615
0.000614
0.000620
0.000608
0.000613
0.000621
0.000601
0.000618
0.000661
0.000617
0.000635
0.000608
0.000620
0.000611
0.000612
0.000623
0.000638
0.000612
0.000614
0.000617
0.000603
0.000630
0.000631
0.000621
0.000610
0.000598
0.000618
0.000620
0.000623
0.000620
0.000631
0.000609
0.000615
0.000651
0.000612
0.000604
0.000619
0.000610
0.000620
0.000632
0.000604
0.000621
0.000622
0.000610
0.000621
0.000627
0.000613
0.000627
0.000619
0.000636
0.000631
0.000609
0.000603
0.000613
0.000616
0.000615
0.000603
0.000644
0.000619
0.000616
0.000625
0.000645
0.000642
0.000620
0.000628
0.000634
0.000616
0.000624
0.000632
0.000626
0.000632
0.000619
0.000616
0.000636
0.000630
0.000610
0.000638
0.000601
0.000625
0.000618
0.000646
0.000728
0.000626
0.000609
0.000628
0.000622
0.000628
0.000628
0.000610
0.000608
0.000618
0.000622
0.000616
0.000625
0.000642
0.000618
0.000626
0.000612
0.000613
0.000628
0.000632
0.000608
0.000638
0.000607
0.000620
0.000652
0.000617
0.000628
0.000642
0.000621
0.000639
0.000643
0.000614
0.000651
0.000627
0.000619
0.000626
0.000619
0.000619
0.000633
0.000631
0.000616
0.000610
0.000626
0.000624
0.000631
0.000629
0.000638
0.000603
0.000636
0.000637
0.000627
0.000627
0.000630
0.000619
0.000615
0.000627
0.000621
0.000635
0.000618
0.000634
0.000631
0.000625
0.000626
0.000631
0.000636
0.000615
0.000625
0.000628
0.000618
0.000672
0.000636
0.000641
0.000641
0.000630
0.000632
0.000640
0.000638
0.000625
0.000632
0.000626
0.000624
0.000620
0.000636
0.000645
0.000632
0.000635
0.000624
0.000620
0.000628
0.000627
0.000629
0.000632
0.000621
0.000632
0.000645
0.000667
0.000612
0.000628
0.000621
0.000627
0.000633
0.000621
0.000636
0.000631
0.000626
0.000631
0.000627
0.000624
0.000633
0.000638
0.000625
0.000621
0.000627
0.000639
0.000633
0.000622
0.000623
0.000625
0.000619
0.000655
0.000632
0.000627
0.000632
0.000626
0.000643
0.000639
0.000620
0.000643
0.000625
0.000623
0.000631
0.000636
