0.000288
0.000372
0.000362
0.000364
0.000355
0.000364
0.000368
0.000364
0.000381
0.000391
0.000398
0.000422
0.000418
0.000416
0.000437
0.000419
0.000448
0.000441
0.000469
0.000472
0.000520
0.000455
0.000456
0.000492
0.000536
0.000468
0.000498
0.000483
0.000521
0.000506
0.000503
0.000532
0.000515
0.000496
0.000530
0.000532
0.000557
0.000532
0.000555
0.000562
0.000567
0.000564
0.000565
0.000603
0.000570
0.000583
0.000585
0.000572
0.000593
0.000634
0.000592
0.000624
0.000618
0.000635
0.000612
0.000662
0.000642
0.000637
0.000635
0.000637
0.000653
0.000666
0.000701
0.000682
0.000694
0.000723
0.000678
0.000696
0.000694
0.000698
0.000708
0.000709
0.000726
0.000721
0.000768
0.000741
0.000731
0.000762
0.000754
0.000767
0.000791
0.000750
0.000791
0.000781
0.000796
0.000786
0.000780
0.000590
0.000590
0.000597
0.000567
0.000609
0.000598
0.000584
0.000611
0.000650
0.000599
0.000583
0.000588
0.000602
0.000606
0.000606
0.000597
0.000593
0.000628
0.000627
0.000607
0.000644
0.000628
0.000604
0.000654
0.000638
0.000621
0.000630
0.000613
0.000617
0.000639
0.000605
0.000615
0.000671
0.000614
0.000615
0.000603
0.000598
0.000601
0.000588
0.000590
0.000598
0.000607
0.000638
0.000598
0.000639
0.000647
0.000617
0.000614
0.000628
0.000596
0.000666
0.000624
0.000595
0.000620
0.000688
0.000660
0.000611
0.000632
0.000633
0.000599
0.000613
0.000596
0.000615
0.000611
0.000604
0.000608
0.000589
0.000585
0.000615
0.000610
0.000597
0.000601
0.000598
0.000615
0.000605
0.000665
0.000708
0.000640
0.000611
0.000633
0.000603
0.000633
0.000909
0.000616
0.000591
0.000592
0.000605
0.000622
0.000611
0.000602
0.000599
0.000591
0.000628
0.000732
0.000635
0.000680
0.000617
0.000614
0.000600
0.000705
0.000585
0.000620
0.000603
0.000706
0.000633
0.000611
0.000726
0.000630
0.000610
0.000609
0.000618
0.000602
0.000612
0.000617
0.000607
0.000604
0.000612
0.000621
0.000626
0.000618
0.000624
0.000597
0.000624
0.000633
0.000598
0.000638
0.000612
0.000602
0.000642
0.000616
0.000607
0.000672
0.000595
0.000649
0.000607
0.000628
0.000625
0.000626
0.000623
0.000612
0.000621
0.000607
0.000602
0.000608
0.000597
0.000617
0.000637
0.000638
0.000638
0.000615
0.000619
0.000669
0.000633
0.000612
0.000620
0.000629
0.000618
0.000689
0.000645
0.000609
0.000615
0.000616
0.000605
0.000659
0.000615
0.000610
0.000619
0.000608
0.000615
0.000606
0.000615
0.000607
0.000602
0.000615
0.000602
0.000612
0.000641
0.000600
0.000627
0.000602
0.000609
0.000606
0.000603
0.000619
0.000650
0.000621
0.000643
0.000610
0.000620
0.000624
0.000608
0.000635
0.000607
0.000605
0.000615
0.000609
0.000625
0.000619
0.000597
0.000600
0.000682
0.000627
0.000687
0.000673
0.000632
0.000635
0.000683
0.000626
0.000671
0.000627
0.000624
0.000626
0.000637
0.000651
0.000632
0.000640
0.000617
0.000609
0.000654
0.000620
0.000620
0.000635
0.000609
0.000624
0.000641
0.000613
0.000624
0.000612
0.000633
0.000631
0.000612
0.000614
0.000616
0.000609
0.000623
0.000629
0.000618
0.000642
0.000613
0.000629
0.000624
0.000616
0.000620
0.000614
0.000611
0.000639
0.000639
0.000650
0.000615
0.000625
0.000622
0.000624
0.000671
0.000679
0.000679
0.000632
0.000639
0.000630
0.000666
0.000644
0.000620
0.000624
0.000626
0.000619
0.000639
0.000618
0.000665
0.000632
0.000616
0.000629
0.000622
0.000625
0.000666
0.000632
0.000609
0.000628
0.000621
0.000606
0.000642
0.000614
0.000629
0.000637
0.000619
0.000642
0.000654
0.000607
0.000633
0.000634
0.000604
0.000641
0.000680
0.000642
0.000656
0.000650
0.000707
0.000623
0.000630
0.000651
0.000623
0.000633
0.000622
0.000617
0.000629
0.000643
0.000614
0.000650
0.000647
0.000631
0.000700
0.000694
0.000639
0.000660
0.000648
0.000630
0.000643
0.000641
0.000625
0.000662
0.000633
0.000626
0.000631
0.000609
0.000626
0.000613
0.000629
0.000627
0.000633
0.000625
0.000662
0.000620
0.000625
0.000627
0.000617
0.000625
0.000644
0.000616
0.000615
0.000612
0.000634
0.000610
0.000610
0.000626
0.000666
0.000625
0.000633
0.000631
0.000638
0.000662
0.000657
0.000626
0.000638
0.000616
0.000612
0.000648
0.000623
0.000626
0.000632
0.000612
0.000618
0.000623
0.000818
0.000665
0.000636
0.000646
0.000649
0.000737
0.000630
0.000637
0.000637
0.000625
0.000691
0.000704
0.000691
0.000634
0.000627
0.000620
0.000617
0.000642
0.000627
0.000633
0.000629
0.000627
0.000634
0.000616
0.000614
0.000628
0.000622
0.000622
0.000630
0.000621
0.000652
0.000621
0.000625
0.000643
0.000630
0.000646
0.000632
0.000625
0.000656
0.000627
0.000622
0.000618
0.000637
0.000614
0.000621
0.000649
0.000624
0.000643
0.000631
0.000632
0.000688
0.000645
0.000693
0.000684
0.000641
0.000649
0.000667
0.000651
0.000626
0.000622
0.000640
0.000649
0.000667
0.000643
0.000642
0.000641
0.000623
0.000629
0.000652
0.000620
0.000637
0.000634
0.000620
0.000627
0.000656
0.000722
0.000669
0.000621
0.000633
0.000625
0.000621
0.000650
0.000627
0.000630
0.000620
0.000628
0.000644
0.000670
0.000653
0.000639
0.000653
0.000642
0.000628
0.000704
0.000645
0.000623
0.000628
0.000619
0.000645
0.000666
0.000614
0.000636
0.000618
0.000638
0.000653
0.000642
0.000635
0.000661
0.000670
0.000638
0.000644
0.000646
0.000648
0.000645
0.000641
0.000628
0.000619
0.000646
0.000625
0.000630
0.000637
0.000618
0.000628
0.000670
0.000631
0.000621
0.000635
0.000640
0.000623
0.000630
0.000645
0.000626
0.000624
0.000630
0.000613
0.000608
0.000622
0.000639
0.000656
0.000644
0.000647
0.000646
0.000638
0.000622
0.000659
0.000625
0.000633
0.000658
0.000625
0.000628
0.000640
0.000624
0.000632
0.000649
0.000654
0.000682
0.000736
0.000714
0.000635
0.000669
0.000638
0.000628
0.000664
0.000644
0.000633
0.000662
0.000643
0.000703
0.000727
0.000651
0.000623
0.000640
0.000646
0.000626
0.000659
0.000641
0.000631
0.000631
0.000638
0.000691
0.000655
0.000631
0.000636
0.000622
0.000618
0.000626
0.000638
0.000682
0.000630
0.000666
0.000653
0.000635
0.000642
0.000707
0.000629
0.000634
0.000634
0.000632
0.000637
0.000632
0.000637
0.000610
0.000622
0.000611
0.000623
0.000693
0.000679
0.000641
0.000636
0.000656
0.000632
0.000684
0.000661
0.000629
0.000634
0.000636
0.000695
0.000684
0.000639
0.000653
0.000654
0.000631
0.000655
0.000647
0.000626
0.000632
0.000637
0.000619
0.000631
0.000635
0.000643
0.000626
0.000615
0.000641
0.000659
0.000623
0.000612
0.000646
0.000601
0.000630
0.000617
0.000608
0.000645
0.000668
0.000653
0.000671
0.000641
0.000624
0.000636
0.000626
0.000650
0.000655
0.000631
0.000641
0.000620
0.000611
0.000643
0.000689
0.000655
0.000680
0.000658
0.000630
0.000701
0.000748
0.000647
0.000644
0.000645
0.000656
0.000730
0.000659
0.000635
0.000595
0.000599
0.000603
0.000617
0.000609
0.000599
0.000616
0.000593
0.000620
0.000629
0.000594
0.000622
0.000624
0.000620
0.000629
0.000657
0.000628
0.000630
0.000617
0.000637
0.000635
0.000627
0.000651
0.000640
0.000633
0.000666
0.000635
0.000677
0.000709
0.000634
0.000645
0.000629
0.000619
0.000643
0.000655
0.000612
0.000601
0.000571
0.000598
0.000684
0.000660
0.000661
0.000652
0.000637
0.000668
0.000660
0.000666
0.000605
0.000641
0.000646
0.000629
0.000649
0.000742
0.000770
0.000664
0.000645
0.000622
0.000638
0.000649
0.000621
0.000631
0.000610
0.000649
0.000648
0.000649
0.000661
0.000616
0.000617
0.000629
0.000619
0.000619
0.000666
0.000600
0.000576
0.000615
0.000591
0.000602
0.000612
0.000594
0.000645
0.000605
0.000607
0.000599
0.000598
0.000630
0.000656
0.000609
0.000633
0.000614
0.000602
0.000656
0.000638
0.000721
0.000656
0.000643
0.000621
0.000677
0.000677
0.000632
0.000631
0.000616
0.000657
0.000637
0.000644
0.000699
0.000653
0.000638
0.000627
0.000613
0.000608
0.000570
0.000574
0.000582
0.000590
0.000582
0.000596
0.000588
0.000621
0.000594
0.000615
0.000611
0.000585
0.000618
0.000609
0.000606
0.000603
0.000599
0.000623
0.000612
0.000663
0.000690
0.000673
0.000645
0.000685
0.000684
0.000627
0.000619
0.000634
0.000633
0.000622
0.000617
0.000637
0.000626
0.000659
0.000596
0.000629
0.000607
0.000596
0.000635
0.000620
0.000624
0.000602
0.000584
0.000599
0.000662
0.000618
0.000668
0.000617
0.000601
0.000653
0.000623
0.000588
0.000639
0.000624
0.000623
0.000622
0.000617
0.000605
0.000661
0.000620
0.000605
0.000623
0.000599
0.000614
0.000639
0.000626
0.000616
0.000622
0.000622
0.000639
0.000738
0.000603
0.000621
0.000668
0.000588
0.000599
0.000623
0.000589
0.000584
0.000599
0.000592
0.000592
0.000599
0.000609
0.000603
0.000594
0.000584
0.000604
0.000651
0.000669
0.000645
0.000723
0.000642
0.000625
0.000669
0.000615
0.000637
0.000687
0.000626
0.000652
0.000664
0.000621
0.000660
0.000619
0.000611
0.000609
0.000618
0.000601
0.000594
0.000569
0.000611
0.000586
0.000600
0.000586
0.000585
0.000600
0.000601
0.000569
0.000594
0.000586
0.000613
0.000592
0.000595
0.000595
0.000624
0.000630
0.000591
0.000625
0.000658
0.000614
0.000651
0.000626
0.000602
0.000612
0.000608
0.000617
0.000615
0.000623
0.000603
0.000627
0.000611
0.000681
0.000729
0.000692
0.000666
0.000620
0.000628
0.000601
0.000587
0.000601
0.000604
0.000633
0.000610
0.000633
0.000640
0.000602
0.000606
0.000595
0.000609
0.000614
0.000593
0.000593
0.000621
0.000594
0.000614
0.000600
0.000600
0.000623
0.000617
0.000629
0.000626
0.000607
