0.000455
0.001282
0.002194
0.003027
0.004313
0.004748
0.005561
0.006557
0.004315
0.004539
0.005645
0.006188
0.004638
0.004547
0.005284
0.006175
0.004808
0.004478
0.005241
0.006195
0.004848
0.004326
0.005190
0.006134
0.004853
0.004397
0.005172
0.006206
0.004831
0.004307
0.005228
0.006095
0.004751
0.004278
0.005093
0.005754
0.004957
0.004126
0.004844
0.005554
0.005566
0.004113
0.004859
0.005804
0.005655
0.004231
0.005048
0.005581
0.005773
0.004275
0.004866
0.005753
0.005882
0.004023
0.004779
0.005526
0.006044
0.003978
0.004714
0.005331
0.006034
0.004140
0.004662
0.005359
0.006085
0.004180
0.004563
0.005282
0.005864
0.004570
0.004738
0.005178
0.005957
0.004518
0.004309
0.005137
0.005857
0.005007
0.004383
0.005133
0.005730
0.005074
0.004356
0.004944
0.005716
0.005193
0.004255
0.004878
0.005582
0.005738
0.004129
0.004860
0.005575
0.005674
0.004204
0.005156
0.005834
0.005655
0.004149
0.004673
0.005559
0.006134
0.004021
0.004642
0.005407
0.006240
0.004269
0.004613
0.005258
0.006190
0.004427
0.004525
0.005147
0.005805
0.004703
0.004760
0.005267
0.005926
0.005134
0.004396
0.005089
0.005808
0.004919
0.004302
0.004996
0.006033
0.005056
0.004335
0.005147
0.005749
0.005319
0.004298
0.004909
0.005528
0.005579
0.004316
0.004920
0.005860
0.005520
0.004159
0.004783
0.005441
0.005950
0.004187
0.004837
0.005614
0.005946
0.004059
0.004982
0.005601
0.005904
0.004078
0.004667
0.005422
0.006240
0.004122
0.004814
0.005506
0.006249
0.004069
0.004665
0.005666
0.006049
0.004165
0.004683
0.005336
0.006172
0.004372
0.004713
0.005342
0.006163
0.004426
0.004441
0.005341
0.005952
0.004810
0.004593
0.005279
0.005675
0.005242
0.004277
0.005051
0.005550
0.005752
0.004200
0.004716
0.005445
0.006220
0.004044
0.004664
0.005405
0.006014
0.004388
0.004606
0.005296
0.006063
0.004545
0.004531
0.005242
0.005972
0.005133
0.004547
0.005104
0.005893
0.005294
0.004397
0.005159
0.005991
0.005160
0.004335
0.004983
0.005629
0.005816
0.004483
0.004784
0.005729
0.006243
0.003914
0.004645
0.005510
0.006014
0.004521
0.004561
0.005269
0.005996
0.005041
0.004918
0.005176
0.005869
0.005290
0.004237
0.004891
0.005844
0.006075
0.004092
0.004733
0.005417
0.006131
0.004374
0.004737
0.005248
0.005993
0.004759
0.004399
0.005049
0.005927
0.005350
0.004151
0.005140
0.005629
0.005909
0.004276
0.004895
0.005451
0.006100
0.004444
0.004541
0.005091
0.006314
0.005187
0.004273
0.004966
0.005564
0.005864
0.004210
0.004872
0.005227
0.006084
0.004713
0.004361
0.004942
0.005899
0.005873
0.004181
0.005016
0.005505
0.006214
0.004317
0.004531
0.005256
0.006019
0.004967
0.004226
0.004828
0.005758
0.006252
0.003876
0.004567
0.005217
0.005936
0.005627
0.004470
0.004940
0.005487
0.006201
0.004048
0.004609
0.005704
0.005831
0.005215
0.004337
0.004769
0.005747
0.006746
0.006061
0.004678
0.005203
0.005895
0.005501
0.004460
0.004889
0.005584
0.007021
0.004771
0.004401
0.005235
0.005822
0.006254
0.004023
0.004599
0.005102
0.005921
0.006101
0.004113
0.004756
0.005525
0.006165
0.004680
0.005132
0.005245
0.005503
0.006422
0.004150
0.004638
0.005308
0.006945
0.005473
0.004233
0.004693
0.005352
0.005934
0.005504
0.004289
0.004831
0.005377
0.006005
0.004803
0.004573
0.004949
0.005393
0.006444
0.004508
0.004416
0.005083
0.005733
0.006082
0.004033
0.004619
0.005097
0.005690
0.006321
0.004153
0.004607
0.005459
0.005665
0.005760
0.004247
0.004742
0.005133
0.005676
0.005943
0.004084
0.004493
0.005154
0.005896
0.005713
0.004127
0.004578
0.004880
0.005544
0.006625
0.004041
0.004378
0.005340
0.005447
0.006072
0.004674
0.004466
0.004838
0.005629
0.006017
0.004875
0.004398
0.005162
0.005269
0.006085
0.005196
0.004063
0.004766
0.005496
0.005857
0.005559
0.004278
0.004582
0.005075
0.005816
0.006177
0.004082
0.004623
0.005113
0.005503
0.006191
0.004542
0.004448
0.004920
0.005539
0.005916
0.004999
0.004279
0.005164
0.005119
0.005650
0.006079
0.003992
0.004444
0.005068
0.005404
0.005920
0.005476
0.004353
0.004691
0.005345
0.006015
0.006055
0.004250
0.004558
0.004930
0.005516
0.006247
0.004726
0.004498
0.005344
0.005245
0.005762
0.005555
0.004240
0.004579
0.005109
0.005610
0.006036
0.004558
0.004584
0.004936
0.005319
0.005907
0.005466
0.004273
0.004909
0.005097
0.005617
0.006192
0.004787
0.004434
0.004707
0.005383
0.005858
0.006222
0.004368
0.004539
0.004994
0.005585
0.005887
0.005248
0.004388
0.004717
0.005054
0.005766
0.006429
0.004800
0.004582
0.004889
0.005272
0.005770
0.006813
0.004377
0.004549
0.004962
0.005422
0.005826
0.006407
0.004442
0.004637
0.005227
0.005803
0.005926
0.005642
0.004754
0.004784
0.005177
0.005718
0.006075
0.005062
0.004884
0.004840
0.005318
0.005831
0.006069
0.004528
0.004828
0.004927
0.005355
0.005741
0.006084
0.004190
0.004693
0.005209
0.005502
0.005796
0.005914
0.004309
0.004648
0.005328
0.005489
0.005955
0.005618
0.004280
0.004567
0.005126
0.005482
0.005824
0.005925
0.004291
0.004530
0.005197
0.005803
0.005941
0.005830
0.004348
0.004750
0.005106
0.005817
0.005938
0.005617
0.004384
0.004723
0.005081
0.005652
0.005942
0.006019
0.004459
0.004781
0.005085
0.005862
0.006188
0.005782
0.004477
0.004725
0.005016
0.005633
0.006469
0.005864
0.004432
0.004722
0.005039
0.005508
0.006036
0.006223
0.004354
0.004657
0.004952
0.005415
0.006020
0.006239
0.004697
0.004691
0.004856
0.005066
0.005756
0.006360
0.004980
0.004499
0.004802
0.005058
0.005594
0.006036
0.005542
0.004352
0.004798
0.004995
0.005406
0.006010
0.006375
0.004314
0.004985
0.004984
0.005313
0.005861
0.006445
0.004787
0.004759
0.004877
0.005284
0.005596
0.006330
0.005510
0.004391
0.004819
0.004934
0.005353
0.006428
0.006334
0.004545
0.004581
0.004828
0.005207
0.005853
0.006060
0.005515
0.004634
0.004758
0.005012
0.005710
0.005994
0.006315
0.004653
0.004691
0.004973
0.005334
0.006103
0.006258
0.005314
0.004500
0.004708
0.005078
0.005648
0.005734
0.006181
0.005438
0.004584
0.004872
0.005500
0.005572
0.005890
0.006327
0.004447
0.004839
0.005077
0.005391
0.005558
0.006232
0.005878
0.004418
0.004801
0.005391
0.005460
0.005911
0.006341
0.005116
0.004735
0.005211
0.005370
0.005635
0.006058
0.006336
0.004693
0.005022
0.004990
0.005463
0.005865
0.006268
0.005498
0.004739
0.004797
0.005394
0.005532
0.005726
0.006404
0.005849
0.004734
0.005120
0.005414
0.005557
0.005898
0.006789
0.005090
0.004628
0.005110
0.005253
0.005443
0.006384
0.006306
0.004795
0.004917
0.005066
0.005652
0.006074
0.006247
0.006515
0.004722
0.004819
0.005039
0.005729
0.005738
0.006155
0.006135
0.004601
0.005025
0.005569
0.005469
0.005858
0.006583
0.006227
0.004508
0.004991
0.005009
0.005204
0.005980
0.005948
0.006315
0.005565
0.004918
0.005024
0.005370
0.005657
0.005928
0.006482
0.004601
0.004733
0.005271
0.005278
0.005540
0.006258
0.006242
0.004811
0.004785
0.004908
0.005471
0.006025
0.005999
0.006645
0.004872
0.004622
0.005024
0.005282
0.005943
0.005987
0.006396
0.004981
0.004725
0.004953
0.005489
0.005552
0.006177
0.006250
0.004996
0.004802
0.005258
0.005200
0.005563
0.005871
0.005990
0.006191
0.004754
0.004907
0.005232
0.005408
0.005681
0.006224
0.006601
0.004798
0.004894
0.005007
0.005538
0.005856
0.006605
0.006229
0.004585
0.004830
0.005049
0.005304
0.005759
0.005968
0.006820
0.005241
0.004634
0.005034
0.005355
0.005540
0.005971
0.006364
0.005915
0.004673
0.005187
0.005216
0.005452
0.005923
0.006155
0.006497
0.004935
0.004826
0.005094
0.005546
0.005753
0.005968
0.006546
0.005380
0.004873
0.005002
0.005493
0.005771
0.006362
0.006345
0.005977
0.004712
0.005042
0.005463
0.006031
0.005832
0.006551
0.006557
0.004710
0.005497
0.005398
0.005297
0.005680
0.005933
0.006330
0.006135
0.004915
0.004891
0.005227
0.005437
0.005820
0.006235
0.006589
0.004706
0.005041
0.005095
0.005351
0.005553
0.006117
0.006388
0.005603
0.004650
0.004912
0.005396
0.005976
0.005846
0.006170
0.006663
0.004753
0.005138
0.005361
0.005426
0.005818
0.006035
0.006433
0.006329
0.004820
0.005058
0.005552
0.005519
0.005763
0.006442
0.006380
0.005078
0.005021
0.005142
0.005386
0.005822
0.005895
0.006415
0.006387
0.004752
0.004925
0.005241
0.005482
0.005714
0.006008
0.006265
0.006004
0.005076
0.005212
0.005401
0.005539
0.005703
0.006247
0.006557
0.005333
0.005561
0.005088
0.005429
0.005928
0.006078
0.006208
0.006601
0.004765
0.004951
0.005535
0.005625
0.005811
0.006260
0.006476
0.006021
0.005107
0.005173
0.005302
0.005741
0.005832
0.005965
0.006768
0.005661
0.005049
0.005051
0.005302
0.005575
0.006158
0.006216
0.006533
0.005438
0.004961
0.005134
0.005600
0.005713
0.006015
0.006179
0.006450
0.004847
0.005174
0.005297
0.005418
0.005681
0.005883
0.006673
0.006605
0.005031
0.005027
0.005229
0.005447
0.006115
0.006953
0.006255
0.006875
0.004945
0.005166
0.005386
0.005529
0.005723
0.006028
0.006260
0.006858
0.004945
0.005108
0.005274
0.005335
0.005706
0.005910
0.006447
0.006469
0.005002
0.005030
0.005265
0.005726
0.006000
0.005883
0.006604
0.006379
0.004841
0.005579
0.005422
0.005543
0.005952
0.006091
0.006435
0.006936
0.004916
0.005186
0.005358
0.005469
0.005781
0.006532
0.006435
0.006658
0.004860
0.005008
0.005455
0.006719
0.005730
0.006076
0.006258
0.006630
0.005901
0.005110
0.005217
0.005735
0.005736
0.006031
0.006545
0.006651
0.005300
