0.000379
0.000827
0.002256
0.001534
0.001532
0.001908
0.001961
0.002211
0.002628
0.002988
0.003249
0.003272
0.003158
0.003184
0.003340
0.003832
0.003605
0.003851
0.003856
0.004024
0.004116
0.004227
0.004381
0.006147
0.004627
0.004747
0.004863
0.004999
0.005113
0.005436
0.005563
0.005602
0.005656
0.005842
0.005798
0.006350
0.006225
0.006174
0.006266
0.006276
0.006656
0.007188
0.006569
0.006862
0.006976
0.007386
0.007288
0.007341
0.007446
0.007593
0.008064
0.007885
0.008138
0.008352
0.009040
0.008613
0.008941
0.008895
0.009083
0.009310
0.009306
0.009546
0.009572
0.009942
0.009864
0.010215
0.010305
0.010504
0.010678
0.010935
0.011054
0.011282
0.011391
0.011674
0.011554
0.011999
0.012084
0.012441
0.012467
0.013086
0.013372
0.014122
0.012615
0.013123
0.012739
0.013152
0.013514
0.013380
0.013972
0.013966
0.014260
0.014434
0.014463
0.014925
0.014491
0.015382
0.014357
0.015617
0.015183
0.015812
0.015593
0.015827
0.016100
0.016534
0.016648
0.016620
0.017039
0.017132
0.017212
0.018555
0.017684
0.017881
0.018133
0.018112
0.018657
0.018350
0.018450
0.018950
0.036199
0.026761
0.019482
0.019360
0.019578
0.019222
0.019689
0.019596
0.019646
0.019968
0.020186
0.020611
0.019782
0.020349
0.020515
0.020580
0.020749
0.021089
0.021335
0.021692
0.021271
0.028634
0.032621
0.022150
0.022260
0.022235
0.022091
0.022230
0.022552
0.022603
0.022415
0.023378
0.022850
0.023026
0.023231
0.024037
0.023201
0.025574
0.024398
0.027735
0.023916
0.025500
0.024619
0.025014
0.024635
0.024546
0.025176
0.024402
0.024685
0.025857
0.025461
0.024994
0.025773
0.025866
0.025675
0.025674
0.026091
0.025941
0.026348
0.026523
0.026510
0.026839
0.026473
0.026711
0.026794
0.027144
0.026920
0.027097
0.027763
0.027414
0.027122
0.028131
0.027240
0.028389
0.027765
0.030002
0.028240
0.029378
0.028823
0.028830
0.029074
0.028220
0.029002
0.029247
0.029141
0.029531
0.028661
0.029130
0.029364
0.029661
0.029208
0.029730
0.030423
0.031035
0.029712
0.030443
0.030483
0.029875
0.030729
0.030029
0.031262
0.031370
0.031116
0.030858
0.031008
0.032282
0.033061
0.032265
0.032904
0.043391
0.032442
0.032192
0.033346
0.033562
0.032965
0.033757
0.041509
0.081390
0.035165
0.032573
0.032800
0.032368
0.033242
0.033540
0.033646
0.032575
0.033125
0.033156
0.033475
0.034118
0.033742
0.034132
0.033526
0.034216
0.033761
0.034355
0.035195
0.036454
0.034882
0.035131
0.035103
0.034675
0.035645
0.035767
0.035737
0.040286
0.035305
0.034762
0.035485
0.034967
0.035571
0.035828
0.035432
0.035676
0.036073
0.035362
0.035393
0.036678
0.036093
0.037028
0.036136
0.036942
0.037365
0.037750
0.038316
0.037461
0.039011
0.037813
0.037528
0.037763
0.037161
0.037523
0.037828
0.037971
0.038155
0.038106
0.038036
0.038168
0.037939
0.038300
0.038942
0.039075
0.038936
0.039440
0.039154
0.038596
0.039440
0.039981
0.040410
0.039902
0.040910
0.040707
0.041547
0.040014
0.040935
0.040893
0.040373
0.040517
0.040733
0.041184
0.041835
0.041165
0.041705
0.041641
0.041785
0.041538
0.041275
0.041516
0.042299
0.041914
0.041418
0.042698
0.042330
0.041251
0.041116
0.041216
0.042025
0.041634
0.041851
0.041070
0.041961
0.042167
0.042289
0.041826
0.043118
0.042181
0.043181
0.043705
0.042798
0.042358
0.042748
0.043398
0.042913
0.043719
0.043677
0.043709
0.042663
0.043067
0.042978
0.043175
0.042929
0.044070
0.044342
0.044107
0.044251
0.043869
0.043943
0.044397
0.044795
0.044024
0.045238
0.044798
0.045325
0.044847
0.044980
0.044674
0.044876
0.044273
0.045282
0.045977
0.045942
0.046969
0.046407
0.045968
0.049803
0.050988
0.053476
0.049238
0.047267
0.047129
0.048320
0.047396
0.049893
0.047545
0.049074
0.046335
0.047210
0.047780
0.047087
0.049983
0.050363
0.053626
0.051113
0.047626
0.047519
0.046312
0.046787
0.046917
0.047073
0.046633
0.046650
0.046729
0.046243
0.045980
0.046245
0.047300
0.047838
0.047683
0.068171
0.060865
0.057723
0.050438
0.048618
0.048354
0.050313
0.047885
0.054670
0.059057
0.051474
0.051780
0.049389
0.049955
0.050072
0.048846
0.049314
0.050536
0.049057
0.049211
0.048737
0.053787
0.053200
0.053051
0.052558
0.050849
0.051177
0.049911
0.049053
0.049973
0.050750
0.050307
0.050888
0.050237
0.049519
0.051312
0.051086
0.051300
0.051141
0.049834
0.051668
0.051353
0.051848
0.050496
0.050081
0.050727
0.051453
0.051139
0.052394
0.053020
0.050883
0.051364
0.052602
0.050650
0.050869
0.051200
0.051643
0.051730
0.052653
0.050826
0.051411
0.052888
0.054614
0.053370
0.053785
0.053978
0.053947
0.056998
0.052995
0.051723
0.054071
0.053689
0.053201
0.053391
0.052279
0.054341
0.055602
0.052999
0.053817
0.054432
0.054180
0.054158
0.053212
0.053690
0.052744
0.053209
0.054102
0.053546
0.055108
0.053680
0.106996
0.062409
0.063319
0.067471
0.077391
0.060390
0.058445
0.058564
0.059046
0.056927
0.056110
0.058365
0.094479
0.077415
0.055206
0.056731
0.055884
0.055547
0.056252
0.054315
0.055917
0.056295
0.056220
0.057344
0.055955
0.055566
0.057777
0.056323
0.056955
0.056978
0.057875
0.057679
0.056671
0.055394
0.060342
0.077636
0.062873
0.063224
0.065395
0.059383
0.059842
0.061953
0.059768
0.061775
0.059731
0.059911
0.060693
0.068255
0.063502
0.059488
0.060080
0.059769
0.061505
0.060410
0.060367
0.073503
0.069614
0.066765
0.062499
0.059444
0.062820
0.060998
0.057799
0.058604
0.058472
0.058436
0.057913
0.058097
0.153779
0.115443
0.067017
0.066667
0.083366
0.063379
0.062742
0.062408
0.062136
0.061105
0.060801
0.062294
0.064851
0.061794
0.063056
0.065100
0.064669
0.061065
0.060978
0.064395
0.064364
0.084788
0.095374
0.067382
0.067460
0.067597
0.065348
0.064970
0.064542
0.065521
0.063499
0.086250
0.064728
0.064507
0.062113
0.063119
0.061812
0.060635
0.061224
0.062175
0.062434
0.062097
0.059933
0.061376
0.062296
0.074502
0.078205
0.071355
0.075376
0.086090
0.063485
0.062071
0.061877
0.062605
0.061494
0.061762
0.063792
0.061855
0.062319
0.062935
0.063825
0.066536
0.072834
0.073725
0.071077
0.084850
0.100220
0.066052
0.064512
0.064265
0.065564
0.064943
0.066362
0.063324
0.065256
0.065550
0.065102
0.064412
0.063998
0.063807
0.065028
0.063471
0.065417
0.066006
0.065625
0.063807
0.069012
0.064907
0.068378
0.108203
0.075982
0.125620
0.082484
0.099547
0.124283
0.087793
0.153544
0.098812
0.073454
0.064727
0.067568
0.067638
0.067810
0.066321
0.068854
0.068406
0.066484
0.066028
0.065330
0.065957
0.066299
0.066893
0.068672
0.069402
0.065865
0.066726
0.067373
0.070047
0.067795
0.072220
0.067291
0.067756
0.067329
0.067755
0.067672
0.066789
0.067274
0.065733
0.069250
0.068124
0.068968
0.069865
0.071653
0.071328
0.073821
0.070933
0.068909
0.068381
0.070630
0.067891
0.069006
0.069415
0.069566
0.068747
0.069734
0.069398
0.070297
0.069619
0.070263
0.069654
0.095773
0.078237
0.077173
0.075070
0.077859
0.075074
0.069961
0.070692
0.071538
0.070220
0.070762
0.070722
0.071595
0.072318
0.070703
0.070699
0.071035
0.072012
0.071404
0.070689
0.072343
0.071423
0.071425
0.073832
0.070829
0.072298
0.071570
0.072097
0.072358
0.071335
0.071264
0.071023
0.072367
0.071828
0.071069
0.071635
0.072075
0.071106
0.072532
0.070735
0.071051
0.073281
0.073167
0.072760
0.073442
0.073924
0.074435
0.074527
0.073864
0.076270
0.080672
0.088929
0.085510
0.084695
0.080818
0.074232
0.073287
0.072483
0.072104
0.072542
0.073023
0.073695
0.075657
0.074594
0.076300
0.074896
0.076980
0.075479
0.085851
0.099437
0.079449
0.075510
0.075842
0.076694
0.079111
0.077780
0.080206
0.079309
0.075957
0.075480
0.075793
0.076970
0.076878
0.075204
0.076260
0.075095
0.076671
0.076912
0.076885
0.082173
0.090073
0.087798
0.089243
0.085782
0.092034
0.091033
0.091202
0.097676
0.097316
0.094095
0.096555
0.092026
0.142157
0.078490
0.075552
0.077376
0.077296
0.077884
0.078468
0.081120
0.077251
0.085985
0.090128
0.089811
0.086899
0.086031
0.081203
0.078454
0.079055
0.079695
0.079862
0.078911
0.079140
0.080127
0.080242
0.080801
0.081677
0.081012
0.081841
0.081203
0.082499
0.082229
0.083273
0.091179
0.122423
0.100232
0.179315
0.096046
0.084092
0.081869
0.084321
0.082484
0.082918
0.083067
0.082771
0.085116
0.083979
0.082546
0.082999
0.082578
0.082373
0.083296
0.082484
0.081227
0.084064
0.085804
0.090613
0.085255
0.087122
0.083700
0.083621
0.088702
0.086664
0.088704
0.107237
0.094099
0.089039
0.088436
0.087904
0.190594
0.205569
0.100472
0.103805
0.118604
0.103040
0.112895
0.138207
0.141757
0.092282
0.094829
0.108910
0.095370
0.095000
0.087581
0.086129
0.089607
0.086402
0.087867
0.089711
0.086783
0.090119
0.086333
0.087424
0.087704
0.094227
0.103045
0.100491
0.105421
0.103548
0.112981
0.153928
0.099565
0.100408
0.124872
0.104579
0.101320
0.103213
0.110834
0.099443
0.102676
0.100689
0.108771
0.104704
0.103036
0.101591
0.113025
0.113182
0.129029
0.110153
0.093556
0.089399
0.089566
0.090345
0.089426
0.090841
0.088801
0.090297
0.089464
0.087689
0.090490
0.088558
0.088881
0.091553
0.091926
0.091231
0.090966
0.098788
0.091495
0.097458
0.091592
0.143170
0.122341
0.113566
0.109747
0.091715
0.093253
0.091593
0.092419
0.093401
0.092318
0.096298
0.091838
0.092613
0.095558
0.097903
0.093452
0.092858
0.107164
0.107899
0.097817
0.098180
0.095002
0.094532
0.097910
0.093354
0.093788
0.095858
0.110890
0.135881
0.126846
0.103685
0.097176
0.097947
0.097789
0.096905
0.101566
