0.000129
0.000156
0.000141
0.000150
0.000153
0.000158
0.000164
0.000179
0.000169
0.000168
0.000173
0.000172
0.000174
0.000206
0.000181
0.000183
0.000180
0.000182
0.000240
0.000192
0.000185
0.000186
0.000191
0.000221
0.000190
0.000197
0.000196
0.000198
0.000221
0.000196
0.000203
0.000204
0.000203
0.000246
0.000204
0.000202
0.000204
0.000272
0.000222
0.000209
0.000214
0.000210
0.000256
0.000214
0.000224
0.000217
0.000242
0.000224
0.000225
0.000219
0.000250
0.000242
0.000227
0.000232
0.000315
0.000253
0.000256
0.000254
0.000280
0.000240
0.000229
0.000233
0.000262
0.000247
0.000238
0.000238
0.000272
0.000248
0.000241
0.000235
0.000260
0.000245
0.000238
0.000240
0.000289
0.000249
0.000242
0.000281
0.000259
0.000260
0.000256
0.000281
0.000263
0.000256
0.000253
0.000306
0.000278
0.000282
0.000317
0.000290
0.000294
0.000348
0.000304
0.000285
0.000272
0.000478
0.000890
0.001125
0.001269
0.001223
0.001746
0.000875
0.000628
0.000516
0.000590
0.001046
0.001318
0.001291
0.000610
0.000500
0.000383
0.000328
0.000362
0.000308
0.000310
0.000353
0.000290
0.000280
0.000316
0.000272
0.000292
0.000379
0.000351
0.000344
0.000437
0.000399
0.000437
0.000402
0.000370
0.000391
0.000336
0.000371
0.000333
0.000310
0.000357
0.000447
0.000423
0.000384
0.000345
0.000365
0.000338
0.000322
0.000364
0.000334
0.000317
0.000402
0.000428
0.000494
0.000574
0.000636
0.000503
0.000740
0.000890
0.000817
0.000506
0.000513
0.000438
0.000736
0.001101
0.001269
0.000996
0.000930
0.000614
0.000736
0.000603
0.000542
0.000473
0.000453
0.000435
0.000494
0.000428
0.000462
0.000388
0.000407
0.000391
0.000353
0.000493
0.000401
0.000429
0.000390
0.000405
0.000389
0.000366
0.000413
0.000404
0.000519
0.000535
0.000557
0.000501
0.000553
0.000452
0.000487
0.000420
0.000475
0.000412
0.000422
0.000397
0.000379
0.000437
0.000396
0.000482
0.000537
0.000582
0.000462
0.000467
0.000408
0.000425
0.000397
0.000386
0.000484
0.000462
0.000634
0.000604
0.000507
0.000519
0.000452
0.000449
0.000419
0.000422
0.000456
0.000410
0.000537
0.000463
0.000745
0.001175
0.001507
0.001056
0.000930
0.000668
0.000623
0.000678
0.000590
0.000507
0.000540
0.000469
0.000581
0.000512
0.000563
0.000494
0.000529
0.000480
0.000538
0.000475
0.000539
0.000647
0.000609
0.000563
0.000667
0.000568
0.000541
0.000585
0.000529
0.000693
0.000705
0.000608
0.000689
0.000696
0.000799
0.000655
0.000705
0.000679
0.000625
0.000729
0.000691
0.000636
0.000778
0.000684
0.000699
0.000631
0.000722
0.000656
0.000540
0.000606
0.001195
0.002107
0.001460
0.000934
0.000808
0.000811
0.000691
0.000678
0.000779
0.000699
0.000659
0.000635
0.000740
0.000741
0.000716
0.000758
0.000744
0.000860
0.000880
0.000859
0.000924
0.000778
0.000836
0.000683
0.000873
0.000882
0.000861
0.000927
0.000942
0.000756
0.000629
0.000629
0.000646
0.000731
0.000855
0.000784
0.000660
0.000591
0.000660
0.001016
0.002167
0.001749
0.001081
0.000698
0.000884
0.000947
0.000882
0.000667
0.000658
0.000644
0.000638
0.000727
0.000835
0.000718
0.000608
0.000820
0.000809
0.000851
0.000780
0.000651
0.000736
0.000665
0.000591
0.000769
0.000748
0.000786
0.000939
0.000959
0.000769
0.000655
0.000650
0.000678
0.000611
0.000707
0.000635
0.000636
0.000770
0.000713
0.000732
0.000878
0.000989
0.001475
0.001750
0.001208
0.000793
0.000816
0.000823
0.000831
0.000727
0.000710
0.000632
0.000658
0.000676
0.000679
0.000688
0.000666
0.000779
0.000821
0.000698
0.000707
0.000633
0.000583
0.000612
0.000574
0.000690
0.000649
0.000614
0.000641
0.000726
0.000932
0.000800
0.000704
0.000692
0.000646
0.000586
0.000668
0.000653
0.000643
0.000673
0.000654
0.000742
0.000800
0.000719
0.000798
0.001337
0.001820
0.001214
0.000999
0.000830
0.000923
0.000842
0.000760
0.000716
0.000630
0.000683
0.000700
0.000655
0.000699
0.001013
0.001052
0.000916
0.000879
0.000906
0.000922
0.000906
0.000865
0.000919
0.000905
0.000781
0.000790
0.000770
0.000686
0.000626
0.000690
0.000654
0.000610
0.000643
0.000641
0.000669
0.000743
0.000738
0.000700
0.000681
0.000650
0.000622
0.000783
0.001030
0.001525
0.001235
0.000919
0.000788
0.000888
0.000873
0.000820
0.000732
0.000712
0.000670
0.000718
0.000808
0.000701
0.000654
0.000614
0.000616
0.000642
0.000609
0.000620
0.000596
0.000679
0.000793
0.000903
0.000808
0.000702
0.000697
0.000737
0.000719
0.000700
0.000722
0.000721
0.000676
0.000705
0.000758
0.000792
0.000742
0.000687
0.000717
0.000712
0.000785
0.000749
0.000813
0.000872
0.001852
0.001134
0.001030
0.000984
0.000933
0.000833
0.000805
0.000789
0.000884
0.000836
0.000796
0.000728
0.000746
0.000771
0.000736
0.000791
0.000767
0.000718
0.000848
0.000855
0.000786
0.000726
0.000749
0.000783
0.000794
0.000744
0.000812
0.000805
0.000832
0.000853
0.000934
0.000877
0.000792
0.000805
0.000843
0.000780
0.000774
0.001135
0.001954
0.001452
0.001007
0.000963
0.000874
0.000827
0.000777
0.000847
0.000836
0.000806
0.000756
0.000747
0.000790
0.000796
0.000765
0.000792
0.000924
0.000958
0.000942
0.000926
0.000943
0.001066
0.001044
0.000976
0.001031
0.001042
0.001000
0.001033
0.000964
0.000924
0.000991
0.000993
0.000872
0.001123
0.001807
0.001559
0.001553
0.001382
0.001160
0.000996
0.000923
0.000886
0.001008
0.001044
0.000940
0.001032
0.001359
0.001008
0.001130
0.001076
0.001458
0.001124
0.001072
0.001355
0.001120
0.001050
0.001170
0.001184
0.001197
0.001106
0.001147
0.001333
0.003425
0.002582
0.001463
0.001361
0.001105
0.001224
0.001352
0.001190
0.001115
0.001094
0.001128
0.001163
0.005112
0.001084
0.000927
0.000886
0.000996
0.000985
0.001042
0.001089
0.001052
0.001111
0.001699
0.002096
0.001393
0.001100
0.001168
0.000927
0.000960
0.000955
0.000887
0.001010
0.001060
0.001164
0.001704
0.001772
0.000924
0.000842
0.000896
0.001055
0.001281
0.001130
0.001018
0.000983
0.001004
0.001230
0.001054
0.001057
0.001107
0.000896
0.000899
0.001107
0.001424
0.001732
0.001421
0.001131
0.000972
0.001178
0.000902
0.000851
0.000913
0.001031
0.000917
0.000846
0.000869
0.000929
0.000893
0.000804
0.000834
0.000964
0.000859
0.000927
0.001129
0.001078
0.000960
0.001026
0.001014
0.000990
0.000951
0.000933
0.000878
0.000841
0.000822
0.000915
0.000929
0.001026
0.001420
0.001715
0.001246
0.000975
0.000964
0.000889
0.000824
0.000883
0.001076
0.000933
0.000850
0.000792
0.000841
0.000919
0.000814
0.000792
0.000784
0.000949
0.000947
0.000906
0.000829
0.000790
0.000912
0.000883
0.000851
0.000893
0.000911
0.000911
0.000900
0.000842
0.000835
0.000896
0.000878
0.000987
0.001174
0.002239
0.001617
0.001328
0.001227
0.000987
0.001095
0.001089
0.000921
0.000949
0.000906
0.000876
0.000972
0.000920
0.000919
0.001021
0.001030
0.000960
0.000944
0.000992
0.000943
0.000953
0.001052
0.001135
0.000958
0.000894
0.000907
0.000940
0.000890
0.000899
0.001003
0.001207
0.001882
0.001688
0.001092
0.000988
0.001106
0.001217
0.001043
0.000919
0.000980
0.000989
0.001002
0.000860
0.000844
0.000863
0.000934
0.000980
0.000936
0.000875
0.000870
0.000836
0.000836
0.000888
0.000976
0.001053
0.001059
0.001019
0.000912
0.000918
0.000877
0.000854
0.000885
0.000967
0.001334
0.001752
0.001493
0.001047
0.000953
0.001009
0.000989
0.000983
0.000889
0.000857
0.000868
0.000947
0.000891
0.000926
0.001010
0.000967
0.000963
0.000855
0.000907
0.001013
0.001000
0.000971
0.000962
0.001044
0.000997
0.000942
0.000955
0.000984
0.000967
0.000901
0.001177
0.001009
0.000888
0.001138
0.001754
0.001342
0.001341
0.001134
0.000950
0.000899
0.000863
0.000933
0.000934
0.001019
0.000870
0.000870
0.000916
0.001281
0.001353
0.001061
0.000920
0.000893
0.000872
0.000934
0.000839
0.001111
0.000948
0.000887
0.000966
0.000890
0.000878
0.000881
0.000928
0.000877
0.001037
0.001009
0.001070
0.001336
0.001811
0.001375
0.001067
0.000941
0.000964
0.001055
0.000930
0.000875
0.000958
0.000925
0.000902
0.000930
0.000952
0.001053
0.000928
0.000944
0.000937
0.000917
0.000873
0.000862
0.000896
0.000955
0.001002
0.001013
0.000911
0.000857
0.000960
0.000950
0.000867
0.000852
0.000911
0.000934
0.001037
0.001845
0.001375
0.001089
0.000968
0.000999
0.001948
0.000942
0.000975
0.000974
0.000935
0.000899
0.000903
0.000939
0.000961
0.000925
0.000898
0.000914
0.000886
0.000849
0.000859
0.000941
0.000920
0.000924
0.000895
0.000912
0.000885
0.000894
0.000899
0.000912
0.000905
0.000870
0.000906
0.001123
0.001928
0.001408
0.001005
0.001059
0.000897
0.000932
0.000954
0.000959
0.000956
0.001031
0.000971
0.000966
0.000917
0.000950
0.000921
0.000935
0.000902
0.000874
0.000905
0.000981
0.000927
0.000955
0.000937
0.000945
0.000919
0.000872
0.000877
0.000871
0.000946
0.000922
0.000940
0.000981
0.001113
0.001466
0.001783
0.001340
0.000976
0.000984
0.000981
0.000969
0.000974
0.000992
0.000942
0.000941
0.000904
0.000910
0.000856
0.000865
0.000935
0.000980
0.000916
0.000862
0.001046
0.001018
0.000973
0.000961
0.000942
0.000929
0.000901
0.000890
0.000976
0.000923
0.000884
0.000942
0.001039
0.001039
0.001313
0.002043
0.001326
0.000962
0.000969
0.000978
0.000958
0.000952
0.000903
0.000911
0.000966
0.000926
0.000907
0.000938
0.000944
0.000945
0.000897
0.000849
0.001028
0.001007
0.000946
0.000963
0.000984
0.000913
0.000966
0.000923
0.000930
0.000909
0.000933
0.001030
0.001032
0.001052
0.000919
