0.000073
0.000092
0.000096
0.000111
0.000105
0.000133
0.000114
0.000112
0.000115
0.000118
0.000120
0.000130
0.000126
0.000157
0.000125
0.000125
0.000127
0.000129
0.000129
0.000138
0.000163
0.000135
0.000133
0.000136
0.000135
0.000137
0.000142
0.000205
0.000150
0.000143
0.000145
0.000145
0.000151
0.000180
0.000156
0.000162
0.000161
0.000154
0.000152
0.000179
0.000172
0.000172
0.000175
0.000179
0.000174
0.000253
0.000241
0.000238
0.000201
0.000284
0.000184
0.000235
0.000170
0.000175
0.000169
0.000168
0.000168
0.000205
0.000176
0.000179
0.000173
0.000207
0.000188
0.000179
0.000173
0.000175
0.000175
0.000206
0.000212
0.000281
0.000465
0.000469
0.000607
0.000352
0.000366
0.000449
0.000334
0.000354
0.000380
0.000336
0.000405
0.000255
0.000235
0.000269
0.000210
0.000210
0.000195
0.000218
0.000261
0.000240
0.000243
0.000256
0.000295
0.000268
0.000251
0.000368
0.000275
0.000256
0.000229
0.000260
0.000216
0.000214
0.000199
0.000235
0.000234
0.000226
0.000219
0.000248
0.000243
0.000212
0.000208
0.000205
0.000292
0.000207
0.000212
0.000205
0.000265
0.000205
0.000206
0.000203
0.000227
0.000212
0.000206
0.000204
0.000204
0.000233
0.000214
0.000213
0.000216
0.000217
0.000742
0.000444
0.000268
0.000245
0.000231
0.000273
0.000248
0.000259
0.000257
0.000291
0.000251
0.000247
0.000269
0.000258
0.000249
0.000243
0.000294
0.000232
0.000223
0.000222
0.000246
0.000294
0.000292
0.000277
0.000300
0.000271
0.000261
0.000268
0.000245
0.000234
0.000246
0.000283
0.000256
0.000241
0.000240
0.000263
0.000235
0.000226
0.000228
0.000239
0.000232
0.000225
0.000222
0.000277
0.000262
0.000288
0.000278
0.000298
0.000272
0.000289
0.000344
0.000315
0.000294
0.000294
0.000279
0.000272
0.000249
0.000263
0.000246
0.000238
0.000233
0.000266
0.000239
0.000231
0.000232
0.000275
0.000319
0.000356
0.000833
0.000751
0.000704
0.000515
0.000468
0.000416
0.000325
0.000324
0.000324
0.000333
0.000378
0.000487
0.000341
0.000344
0.000350
0.000331
0.000354
0.000316
0.000296
0.000294
0.000293
0.000270
0.000262
0.000284
0.000270
0.000258
0.000255
0.000295
0.000388
0.000306
0.000342
0.000298
0.000290
0.000311
0.000275
0.000269
0.000297
0.000295
0.000273
0.000275
0.000365
0.000298
0.000286
0.000304
0.000282
0.000297
0.000383
0.000369
0.000359
0.000404
0.000346
0.000360
0.000339
0.000318
0.000326
0.000304
0.000294
0.000314
0.000318
0.000309
0.000303
0.000313
0.000302
0.000307
0.000413
0.000333
0.000337
0.000341
0.000336
0.000336
0.000338
0.000336
0.000340
0.000319
0.000309
0.000326
0.000335
0.000346
0.000406
0.000404
0.000384
0.000394
0.000393
0.000405
0.000376
0.000350
0.000411
0.000358
0.000361
0.000338
0.000330
0.000331
0.000334
0.000322
0.000371
0.000679
0.001113
0.000723
0.000693
0.000754
0.000715
0.000624
0.000539
0.000452
0.000461
0.000453
0.000441
0.000456
0.000429
0.000593
0.000551
0.000444
0.000418
0.000366
0.000355
0.000359
0.000328
0.000365
0.000338
0.000365
0.000403
0.000369
0.000362
0.000378
0.000350
0.000372
0.000361
0.000342
0.000385
0.000342
0.000341
0.000370
0.000340
0.000337
0.000396
0.000402
0.000449
0.000390
0.000413
0.000378
0.000393
0.000381
0.000384
0.000421
0.000378
0.000392
0.000375
0.000360
0.000375
0.000353
0.000343
0.000409
0.000373
0.000402
0.000400
0.000395
0.000415
0.000384
0.000388
0.000366
0.000358
0.000397
0.000351
0.000352
0.000399
0.000440
0.000503
0.000440
0.000462
0.000452
0.000476
0.000878
0.001062
0.000908
0.000721
0.000613
0.000523
0.000466
0.000454
0.000451
0.000406
0.000447
0.000403
0.000442
0.000419
0.000399
0.000453
0.000458
0.000463
0.000409
0.000445
0.000447
0.000468
0.000427
0.000439
0.000400
0.000390
0.000430
0.000411
0.000449
0.000412
0.000436
0.000396
0.000386
0.000444
0.000376
0.000411
0.000392
0.000401
0.000399
0.000386
0.000414
0.000380
0.000400
0.000380
0.000407
0.000464
0.000433
0.000505
0.000456
0.000473
0.000461
0.000470
0.000457
0.000464
0.000440
0.000426
0.000432
0.000400
0.000473
0.000418
0.000438
0.000452
0.000474
0.000439
0.000446
0.000418
0.000391
0.000419
0.000419
0.000511
0.000486
0.000549
0.000897
0.001032
0.000970
0.000835
0.000618
0.000538
0.000529
0.000529
0.000573
0.000504
0.000526
0.000456
0.000472
0.000428
0.000445
0.000408
0.000455
0.000497
0.000520
0.000465
0.000453
0.000438
0.000483
0.000555
0.000626
0.000543
0.000571
0.000564
0.000587
0.000601
0.000592
0.000746
0.000607
0.000512
0.000501
0.000459
0.000456
0.000435
0.000489
0.000517
0.000561
0.000537
0.000661
0.000615
0.000577
0.000546
0.000488
0.000590
0.000513
0.000538
0.000508
0.000543
0.000474
0.000530
0.000537
0.000491
0.000501
0.000590
0.000644
0.001262
0.001394
0.000825
0.000987
0.000716
0.000559
0.000834
0.000819
0.000653
0.000562
0.000545
0.000487
0.000557
0.000488
0.000571
0.000543
0.000524
0.000532
0.000509
0.000588
0.000513
0.000581
0.000649
0.000690
0.000831
0.000879
0.000643
0.000549
0.000555
0.000495
0.000589
0.000614
0.000543
0.000751
0.000752
0.000601
0.000668
0.000792
0.000641
0.000620
0.000571
0.000527
0.000556
0.000529
0.000661
0.000580
0.000574
0.000570
0.000507
0.000764
0.001448
0.001510
0.001106
0.000901
0.000660
0.000579
0.000636
0.000743
0.000705
0.000614
0.000687
0.000538
0.000542
0.000578
0.000524
0.000553
0.000612
0.000536
0.000546
0.000520
0.000579
0.000552
0.000593
0.000587
0.000563
0.000547
0.000586
0.000594
0.000608
0.000567
0.000601
0.000613
0.000547
0.000605
0.000595
0.000571
0.000666
0.000559
0.000608
0.000577
0.000626
0.000634
0.000568
0.000630
0.000615
0.000529
0.000550
0.000495
0.000597
0.000585
0.000571
0.000583
0.000533
0.000769
0.001374
0.001657
0.001221
0.000849
0.000788
0.000724
0.000648
0.000623
0.000591
0.000732
0.000670
0.000642
0.000660
0.000674
0.000713
0.000608
0.000642
0.000562
0.000608
0.000599
0.000556
0.000552
0.000501
0.000553
0.000509
0.000636
0.000593
0.000524
0.000593
0.000537
0.000588
0.000704
0.000701
0.000768
0.000663
0.000561
0.000591
0.000600
0.000538
0.000608
0.000581
0.000673
0.000679
0.000677
0.000813
0.000847
0.001084
0.002130
0.001135
0.001019
0.000863
0.000794
0.000925
0.000825
0.000781
0.000724
0.000712
0.000654
0.000680
0.000680
0.000628
0.000621
0.000566
0.000646
0.000625
0.000585
0.000650
0.000664
0.000612
0.000686
0.000677
0.000628
0.000624
0.000657
0.000673
0.000722
0.000737
0.000635
0.000632
0.000578
0.000552
0.000646
0.000678
0.000625
0.000646
0.000659
0.000696
0.000812
0.000696
0.000694
0.000665
0.000909
0.001796
0.001318
0.000998
0.000943
0.000700
0.000831
0.000890
0.000800
0.000668
0.000646
0.000627
0.000602
0.000639
0.000724
0.000687
0.000666
0.000654
0.000619
0.000700
0.000738
0.000645
0.000650
0.000663
0.000635
0.000613
0.000669
0.000657
0.000675
0.000701
0.000717
0.000658
0.000735
0.000696
0.000687
0.000680
0.000736
0.000716
0.000785
0.000673
0.000749
0.000684
0.000625
0.000651
0.000911
0.001557
0.001485
0.001261
0.000897
0.000712
0.000772
0.000861
0.000761
0.000706
0.000751
0.000705
0.000711
0.000666
0.000681
0.000650
0.000627
0.000658
0.000685
0.000612
0.000626
0.000691
0.000615
0.000652
0.000677
0.000604
0.000621
0.000601
0.000594
0.000632
0.000655
0.000892
0.000741
0.000703
0.000707
0.000700
0.000790
0.000835
0.000737
0.000685
0.000687
0.000674
0.000638
0.000970
0.000857
0.001063
0.001896
0.001332
0.001096
0.000856
0.000818
0.000741
0.000786
0.000729
0.000748
0.000826
0.000763
0.000739
0.000653
0.000716
0.000725
0.000661
0.000714
0.000710
0.000702
0.000674
0.000758
0.000733
0.000692
0.000651
0.000829
0.000924
0.000899
0.000909
0.000922
0.001059
0.000931
0.000971
0.000917
0.000776
0.000676
0.000768
0.000785
0.001058
0.001754
0.001267
0.001115
0.000808
0.000832
0.000869
0.001011
0.000820
0.000731
0.000666
0.000658
0.000622
0.000631
0.000648
0.000684
0.000665
0.000705
0.000694
0.000660
0.000748
0.000831
0.000675
0.000700
0.000680
0.000661
0.000658
0.000686
0.000676
0.000624
0.000736
0.000778
0.000824
0.000784
0.000684
0.000680
0.000726
0.000923
0.001146
0.000911
0.000712
0.000673
0.000750
0.000756
0.001544
0.001834
0.001200
0.001120
0.001116
0.000864
0.000740
0.000733
0.000729
0.000701
0.000688
0.000756
0.000818
0.000867
0.000804
0.000737
0.000728
0.000695
0.000782
0.000717
0.000723
0.000711
0.000616
0.000640
0.000642
0.000651
0.000816
0.000765
0.000718
0.000704
0.000657
0.000731
0.000674
0.000673
0.000707
0.000746
0.000665
0.000710
0.000788
0.000690
0.000662
0.001143
0.002360
0.001271
0.001050
0.000877
0.000758
0.000734
0.000710
0.000702
0.000777
0.000728
0.000664
0.000719
0.000696
0.000718
0.000637
0.000686
0.000721
0.000654
0.000700
0.000741
0.000710
0.000672
0.000704
0.000694
0.000658
0.000774
0.000745
0.000832
0.000711
0.000831
0.000999
0.000876
0.000853
0.000797
0.000885
0.000820
0.000724
0.000764
0.000724
0.000783
0.001326
0.001670
0.001270
0.001043
0.000838
0.000887
0.000844
0.000845
0.000721
0.000803
0.000840
0.000847
0.000777
0.000713
0.000778
0.000734
0.000765
0.000811
0.000727
0.000767
0.000709
0.000693
0.000686
0.000757
0.000741
0.000744
0.000782
0.000775
0.000757
0.000735
0.000683
0.000722
0.000693
0.000730
0.000699
0.000741
0.000719
0.000706
0.000727
0.000867
0.000931
0.001732
0.001557
0.001212
0.000891
0.000820
0.000928
0.000788
0.000771
0.000732
0.000696
0.000770
