0.000415
0.001180
0.002028
0.002761
0.003510
0.004303
0.005171
0.006024
0.003783
0.003705
0.004126
0.004615
0.004856
0.005385
0.005973
0.006318
0.004352
0.003579
0.003680
0.003965
0.004165
0.004201
0.004586
0.004667
0.004851
0.005075
0.005393
0.005491
0.005883
0.005912
0.006101
0.006166
0.004733
0.003423
0.003466
0.003716
0.003974
0.003611
0.003789
0.003920
0.004005
0.004096
0.004261
0.004372
0.004738
0.004566
0.004608
0.004804
0.004925
0.004906
0.005046
0.005452
0.005215
0.005326
0.005390
0.005509
0.005669
0.005869
0.005859
0.005866
0.005984
0.006217
0.006080
0.006060
0.005337
0.004458
0.003871
0.003470
0.003449
0.003492
0.003605
0.003673
0.003635
0.003636
0.003655
0.003803
0.003763
0.003845
0.003899
0.004217
0.003999
0.003988
0.006108
0.004244
0.004371
0.004271
0.004647
0.004527
0.006442
0.004556
0.004446
0.004547
0.004690
0.004803
0.004855
0.004890
0.004870
0.004766
0.004879
0.004861
0.005208
0.005058
0.005119
0.005073
0.005188
0.005282
0.005275
0.005441
0.005434
0.005465
0.005486
0.005672
0.005824
0.005703
0.005685
0.005856
0.005804
0.005946
0.006115
0.005914
0.005875
0.006174
0.006022
0.006134
0.006234
0.006210
0.005938
0.005698
0.005264
0.004803
0.004789
0.004349
0.004441
0.004313
0.004360
0.004224
0.003679
0.003823
0.003572
0.003481
0.003537
0.003581
0.003655
0.003676
0.003625
0.003779
0.003871
0.003842
0.003813
0.003865
0.003896
0.003814
0.003787
0.003895
0.003868
0.004000
0.004077
0.004068
0.004137
0.003948
0.004165
0.004160
0.004101
0.004204
0.004225
0.004237
0.004215
0.004198
0.004275
0.004300
0.004306
0.004545
0.004255
0.004505
0.004327
0.004329
0.004463
0.004434
0.004450
0.004679
0.004409
0.004492
0.004546
0.004638
0.004663
0.004585
0.011690
0.004601
0.004777
0.004692
0.004755
0.004759
0.004993
0.004785
0.004875
0.004895
0.005019
0.004987
0.005085
0.005273
0.004976
0.005158
0.004985
0.005150
0.005029
0.005414
0.005137
0.005265
0.005241
0.005237
0.005366
0.005336
0.005437
0.005315
0.005314
0.005466
0.005457
0.005565
0.005455
0.005391
0.005724
0.005575
0.005698
0.005860
0.005868
0.005880
0.005719
0.005811
0.005799
0.018133
0.005916
0.005897
0.006106
0.006174
0.005906
0.006042
0.005916
0.006050
0.006509
0.006045
0.005971
0.006027
0.006109
0.006371
0.006173
0.006148
0.006139
0.006176
0.006174
0.006244
0.005999
0.005849
0.005849
0.005846
0.005772
0.005701
0.005447
0.004902
0.005152
0.004973
0.004803
0.004847
0.004695
0.004467
0.004660
0.004534
0.004460
0.004507
0.004410
0.004453
0.004181
0.004082
0.003887
0.003870
0.003867
0.003789
0.003911
0.003942
0.003773
0.003719
0.003729
0.003689
0.003542
0.003603
0.003624
0.003847
0.003761
0.003660
0.003695
0.003752
0.003790
0.003698
0.003770
0.003722
0.004172
0.003827
0.003810
0.003818
0.003836
0.003845
0.003865
0.003878
0.003962
0.004319
0.003855
0.003968
0.003931
0.003956
0.003854
0.003927
0.004003
0.004185
0.004157
0.004065
0.004001
0.004049
0.004066
0.003993
0.004049
0.004116
0.004312
0.004105
0.004110
0.004118
0.004248
0.004116
0.004155
0.004355
0.004317
0.004156
0.004258
0.004171
0.004257
0.004328
0.004348
0.004539
0.004204
0.004263
0.004274
0.004268
0.004245
0.004320
0.004373
0.004940
0.004441
0.004221
0.004395
0.004429
0.004542
0.004449
0.004641
0.004713
0.004525
0.004670
0.004543
0.004495
0.004753
0.004694
0.004969
0.004598
0.004612
0.004657
0.004640
0.004575
0.004718
0.005051
0.004567
0.004609
0.004745
0.004633
0.004791
0.004902
0.004938
0.004805
0.004867
0.004770
0.004682
0.004746
0.004982
0.004771
0.004844
0.004883
0.004790
0.004772
0.004879
0.004962
0.005139
0.004956
0.004942
0.004868
0.004988
0.004991
0.005416
0.005003
0.005070
0.004985
0.004879
0.004986
0.005293
0.005572
0.005047
0.005219
0.005211
0.005333
0.005184
0.005682
0.005266
0.005468
0.005347
0.005273
0.005270
0.005565
0.005211
0.005271
0.005405
0.005476
0.005344
0.005542
0.005196
0.005369
0.005464
0.005872
0.005533
0.005896
0.005659
0.005507
0.005446
0.005426
0.005445
0.005722
0.005514
0.005629
0.005499
0.005482
0.005589
0.006006
0.005684
0.005458
0.005524
0.005602
0.005467
0.005878
0.005747
0.005540
0.005630
0.005550
0.005606
0.006094
0.005660
0.005656
0.005658
0.005645
0.005839
0.006184
0.005747
0.005793
0.005594
0.005848
0.005574
0.006261
0.005665
0.005674
0.005923
0.005791
0.006062
0.005812
0.005915
0.005781
0.005824
0.006061
0.006226
0.005929
0.006065
0.005929
0.005966
0.006111
0.006179
0.006127
0.005945
0.005905
0.005946
0.006318
0.006279
0.006147
0.006087
0.006154
0.006325
0.006275
0.006036
0.006304
0.006246
0.006071
0.006540
0.006211
0.006180
0.006297
0.006088
0.006883
0.006383
0.005932
0.005963
0.006038
0.006440
0.006217
0.005861
0.005783
0.005664
0.005508
0.006182
0.005453
0.005629
0.005122
0.005606
0.005296
0.005846
0.005271
0.005107
0.005129
0.005224
0.004890
0.005305
0.005206
0.004918
0.004930
0.004775
0.004688
0.004782
0.004978
0.004881
0.004625
0.004671
0.004614
0.004487
0.004477
0.004363
0.004701
0.004523
0.004464
0.004319
0.004043
0.004148
0.004448
0.004670
0.004170
0.004090
0.004247
0.004129
0.004113
0.004051
0.004099
0.004560
0.004158
0.004029
0.004313
0.004341
0.004271
0.004079
0.003840
0.004490
0.003941
0.003953
0.003985
0.003894
0.003806
0.003752
0.003748
0.004100
0.004132
0.003962
0.004080
0.004203
0.004137
0.004187
0.004390
0.004732
0.005496
0.004030
0.003965
0.004027
0.003964
0.003925
0.003869
0.004417
0.004388
0.003902
0.003816
0.003811
0.003848
0.003810
0.003951
0.003873
0.004474
0.003908
0.003985
0.003938
0.003985
0.003999
0.003966
0.004101
0.004357
0.004001
0.004042
0.004053
0.003950
0.003960
0.003983
0.003871
0.004321
0.003958
0.004042
0.004006
0.004023
0.004024
0.004047
0.004072
0.004244
0.004162
0.004051
0.003978
0.004140
0.004023
0.004138
0.004116
0.004107
0.004552
0.004120
0.004102
0.004054
0.004051
0.004195
0.003930
0.004092
0.004464
0.004156
0.004167
0.004145
0.004137
0.004103
0.004096
0.004467
0.004347
0.004102
0.004116
0.004119
0.004258
0.004214
0.004156
0.004435
0.004279
0.004266
0.004307
0.004176
0.004227
0.004396
0.004171
0.004599
0.004379
0.004307
0.004351
0.004416
0.004350
0.004238
0.004394
0.004638
0.004389
0.004336
0.004352
0.004413
0.004293
0.004412
0.004715
0.004446
0.004259
0.004413
0.004404
0.004347
0.004343
0.004443
0.004716
0.004423
0.004426
0.004516
0.004391
0.004409
0.004447
0.004876
0.004678
0.004500
0.004358
0.004415
0.004433
0.004482
0.004541
0.004898
0.004608
0.004492
0.004570
0.004582
0.004510
0.004513
0.004887
0.004571
0.004480
0.004516
0.004427
0.004465
0.004581
0.005030
0.004639
0.004653
0.004567
0.004550
0.004564
0.004541
0.004970
0.004844
0.004624
0.004642
0.004596
0.004710
0.004771
0.004955
0.004714
0.004744
0.004641
0.004747
0.004610
0.004829
0.004857
0.004797
0.005006
0.004742
0.004740
0.004822
0.004792
0.005289
0.004942
0.004888
0.004858
0.004857
0.004994
0.004680
0.005551
0.004784
0.004959
0.004878
0.004863
0.004920
0.005174
0.005121
0.004829
0.004843
0.005028
0.004943
0.004841
0.004941
0.005443
0.004948
0.004965
0.005094
0.004781
0.005020
0.005654
0.004889
0.005033
0.004929
0.004913
0.005034
0.005428
0.005348
0.005182
0.005808
0.005185
0.005256
0.005077
0.005823
0.005224
0.005227
0.005041
0.005110
0.005108
0.005594
0.005393
0.005213
0.005139
0.005145
0.005022
0.005398
0.005375
0.005192
0.005253
0.005133
0.005162
0.005377
0.005548
0.005289
0.005308
0.005134
0.005215
0.005143
0.005920
0.005095
0.005197
0.005222
0.005207
0.005459
0.005921
0.005381
0.005276
0.005357
0.005310
0.005249
0.005573
0.005405
0.005343
0.005360
0.005181
0.005329
0.005271
0.005748
0.005166
0.005310
0.005236
0.005294
0.005293
0.005721
0.005292
0.005263
0.005334
0.005254
0.005289
0.005760
0.005362
0.005299
0.005492
0.005340
0.005365
0.005994
0.005559
0.005263
0.005347
0.005373
0.005468
0.006028
0.005358
0.005371
0.005479
0.005434
0.005498
0.006091
0.005638
0.005649
0.005663
0.005821
0.005675
0.005957
0.005623
0.005566
0.005429
0.005692
0.005710
0.006107
0.005401
0.005564
0.005536
0.005572
0.005681
0.006347
0.005636
0.005598
0.005600
0.005564
0.005669
0.005946
0.005488
0.005537
0.005545
0.005597
0.005744
0.005960
0.005656
0.005675
0.005567
0.005648
0.006010
0.005919
0.005770
0.005631
0.005688
0.005835
0.006194
0.005962
0.005807
0.005694
0.005555
0.005757
0.006560
0.005796
0.005925
0.005811
0.005865
0.006387
0.005990
0.005883
0.005825
0.005868
0.005898
0.006381
0.005762
0.005750
0.005846
0.005882
0.005989
0.006246
0.005845
0.005937
0.005964
0.005941
0.007128
0.005846
0.005969
0.005854
0.005930
0.006116
0.006091
0.006003
0.006155
0.006086
0.006124
0.006399
0.006175
0.005981
0.005985
0.006075
0.006045
0.006239
0.006156
0.006227
0.006131
0.006086
0.006389
0.006025
0.006159
0.006241
0.006117
0.006527
0.006087
0.006415
0.006194
0.006042
0.006176
0.006347
0.006287
0.006196
0.006104
0.006190
0.006452
0.008644
0.006261
0.006218
0.006205
0.006629
0.006389
0.006143
0.006095
0.006294
0.006729
0.006331
0.006356
0.006112
0.006195
0.006547
0.006619
0.006137
0.006147
0.006240
0.006306
0.006761
0.006218
0.006189
0.006288
0.006376
0.006737
0.006157
0.006147
0.006459
0.006284
0.006842
0.006314
0.006368
0.006307
0.006260
0.006901
0.006275
0.006200
0.006290
0.006087
0.006446
0.006501
0.006442
