0.000100
0.000123
0.000168
0.000134
0.000141
0.000147
0.000156
0.000160
0.000208
0.000158
0.000159
0.000161
0.000168
0.000169
0.000205
0.000176
0.000175
0.000175
0.000179
0.000226
0.000191
0.000175
0.000175
0.000191
0.000232
0.000195
0.000188
0.000187
0.000194
0.000234
0.000197
0.000200
0.000192
0.000197
0.000240
0.000200
0.000200
0.000189
0.000197
0.000227
0.000206
0.000207
0.000207
0.000263
0.000248
0.000226
0.000221
0.000270
0.000238
0.000223
0.000230
0.000321
0.000242
0.000231
0.000217
0.000363
0.000350
0.000291
0.000296
0.000236
0.000226
0.000228
0.000281
0.000242
0.000239
0.000241
0.000280
0.000241
0.000235
0.000236
0.000307
0.000250
0.000243
0.000233
0.000280
0.000239
0.000240
0.000236
0.000280
0.000236
0.000237
0.000235
0.000296
0.000238
0.000241
0.000281
0.000262
0.000237
0.000238
0.000266
0.000251
0.000247
0.000246
0.000272
0.000263
0.000249
0.000247
0.000288
0.000244
0.000244
0.000248
0.000277
0.000254
0.000259
0.000285
0.000269
0.000274
0.000357
0.000655
0.000566
0.000392
0.000408
0.000455
0.000634
0.000601
0.000440
0.000354
0.000303
0.000374
0.000323
0.000347
0.000410
0.000310
0.000315
0.000302
0.000287
0.000280
0.000298
0.000272
0.000272
0.000328
0.000309
0.000277
0.000285
0.000288
0.000274
0.000275
0.000310
0.000267
0.000271
0.000299
0.000326
0.000322
0.000457
0.000403
0.000354
0.000362
0.000309
0.000298
0.000330
0.000293
0.000280
0.000314
0.000283
0.000289
0.000378
0.000413
0.000516
0.000449
0.000488
0.000465
0.000544
0.000627
0.000535
0.000384
0.000386
0.000341
0.000330
0.000362
0.000329
0.000313
0.000325
0.000296
0.000295
0.000371
0.000299
0.000297
0.000321
0.000294
0.000292
0.000281
0.000339
0.000303
0.000306
0.000350
0.000295
0.000297
0.000368
0.000320
0.000308
0.000355
0.000313
0.000314
0.000353
0.000314
0.000309
0.000369
0.000342
0.000384
0.000347
0.000338
0.000404
0.000424
0.000497
0.000403
0.000414
0.000535
0.000593
0.000515
0.000476
0.000403
0.000364
0.000395
0.000342
0.000375
0.000350
0.000331
0.000356
0.000362
0.000356
0.000453
0.000378
0.000394
0.000364
0.000341
0.000369
0.000339
0.000337
0.000369
0.000330
0.000331
0.000378
0.000336
0.000373
0.000361
0.000360
0.000377
0.000357
0.000330
0.000398
0.000354
0.000408
0.000373
0.000368
0.000497
0.000558
0.000616
0.000612
0.000567
0.000609
0.000439
0.000475
0.000401
0.000413
0.000413
0.000430
0.000427
0.000394
0.000451
0.000398
0.000411
0.000369
0.000358
0.000402
0.000360
0.000405
0.000472
0.000540
0.000448
0.000437
0.000419
0.000388
0.000423
0.000383
0.000407
0.000376
0.000360
0.000424
0.000368
0.000401
0.000403
0.000386
0.000612
0.000601
0.000496
0.000502
0.000426
0.000473
0.000465
0.000471
0.000461
0.000425
0.000469
0.000422
0.000544
0.000456
0.000497
0.000425
0.000455
0.000403
0.000427
0.000399
0.000402
0.000451
0.000420
0.000514
0.000442
0.000478
0.000418
0.000467
0.000492
0.000498
0.000451
0.000512
0.000440
0.000464
0.000444
0.000479
0.000499
0.000554
0.000482
0.000515
0.000441
0.000455
0.000441
0.000403
0.000452
0.000413
0.000454
0.000415
0.000478
0.000428
0.000451
0.000493
0.000516
0.000464
0.000484
0.000455
0.000481
0.000435
0.000442
0.000468
0.000430
0.000504
0.000446
0.000483
0.000449
0.000517
0.000451
0.000510
0.000471
0.000523
0.000452
0.000536
0.000515
0.000612
0.000587
0.000569
0.000514
0.000507
0.000450
0.000502
0.000465
0.000506
0.000455
0.000504
0.000452
0.000451
0.000440
0.000469
0.000494
0.000546
0.000489
0.000513
0.000547
0.000538
0.000562
0.000488
0.000533
0.000458
0.000567
0.000494
0.000593
0.000540
0.000497
0.000523
0.000484
0.000500
0.000496
0.000562
0.000566
0.000620
0.000599
0.000531
0.000560
0.000538
0.000557
0.000500
0.000556
0.000533
0.000551
0.000538
0.000501
0.000505
0.000493
0.000493
0.000478
0.000488
0.000550
0.000642
0.000551
0.000601
0.000561
0.000515
0.000513
0.000506
0.000564
0.000531
0.000557
0.000518
0.000608
0.000581
0.000543
0.000533
0.000503
0.000564
0.000495
0.000528
0.000463
0.000560
0.000564
0.000610
0.000833
0.000751
0.000626
0.000547
0.000587
0.000558
0.000521
0.000552
0.000527
0.000543
0.000529
0.000561
0.000514
0.000578
0.000494
0.000548
0.000516
0.000509
0.000607
0.000619
0.000893
0.000695
0.000600
0.000561
0.000558
0.000506
0.000537
0.000523
0.000576
0.000506
0.000580
0.000525
0.000580
0.000625
0.000659
0.000652
0.000619
0.000627
0.000539
0.000563
0.000567
0.000547
0.000551
0.000529
0.000568
0.000513
0.000572
0.000573
0.000569
0.000619
0.000564
0.000613
0.000593
0.000539
0.000625
0.000560
0.000655
0.000631
0.000579
0.000596
0.000551
0.000604
0.000546
0.000534
0.000567
0.000527
0.000570
0.000577
0.000645
0.000574
0.000574
0.000606
0.000558
0.000558
0.000569
0.000531
0.000577
0.000536
0.000565
0.000514
0.000548
0.000558
0.000560
0.000610
0.000583
0.000624
0.000609
0.000562
0.000611
0.000540
0.000598
0.000576
0.000577
0.000591
0.000554
0.000629
0.000573
0.000555
0.000587
0.000574
0.000622
0.000659
0.000593
0.000611
0.000585
0.000619
0.000585
0.000540
0.000675
0.000615
0.000578
0.000586
0.000570
0.000594
0.000568
0.000595
0.000648
0.000629
0.000659
0.000610
0.000561
0.000604
0.000620
0.000592
0.000609
0.000576
0.000616
0.000649
0.000595
0.000656
0.001156
0.000693
0.000623
0.000635
0.000681
0.000595
0.000676
0.000663
0.000573
0.000606
0.000663
0.000634
0.000627
0.000599
0.000586
0.000654
0.000647
0.000619
0.000679
0.000648
0.000619
0.000629
0.000597
0.000704
0.000662
0.000656
0.000610
0.000631
0.000570
0.000657
0.000659
0.000664
0.000685
0.000684
0.000650
0.000706
0.000659
0.000625
0.000625
0.000656
0.000611
0.000659
0.000658
0.000597
0.000629
0.000604
0.000569
0.000623
0.000667
0.000702
0.000707
0.000658
0.000619
0.000635
0.000633
0.000658
0.000686
0.000652
0.000619
0.000626
0.000714
0.000664
0.000697
0.000674
0.000656
0.000652
0.000659
0.000616
0.000670
0.000718
0.000709
0.000646
0.000637
0.000639
0.000629
0.000619
0.000592
0.000645
0.000691
0.000620
0.000697
0.000691
0.000653
0.000665
0.000666
0.000700
0.000632
0.000668
0.000656
0.000610
0.000671
0.000624
0.000632
0.000649
0.000599
0.000708
0.000671
0.000665
0.000677
0.000718
0.000684
0.000624
0.000681
0.000669
0.000632
0.000705
0.000712
0.000648
0.000687
0.000704
0.000666
0.000633
0.000651
0.000679
0.000658
0.000713
0.000701
0.000649
0.000652
0.000650
0.000619
0.000705
0.001188
0.000775
0.000730
0.000740
0.000686
0.000701
0.000665
0.000613
0.000613
0.000655
0.000623
0.000659
0.000647
0.000607
0.000652
0.000678
0.000618
0.000681
0.000691
0.000704
0.000727
0.000697
0.000651
0.000635
0.000628
0.000606
0.000673
0.000713
0.000701
0.000643
0.000660
0.000645
0.000670
0.000706
0.000760
0.000687
0.000649
0.000636
0.000641
0.000626
0.000715
0.000705
0.000667
0.000633
0.000630
0.000639
0.000620
0.000658
0.000616
0.000702
0.000725
0.000752
0.000698
0.000696
0.000643
0.000623
0.000633
0.000634
0.000615
0.000628
0.000630
0.000706
0.000689
0.001195
0.001084
0.000814
0.000718
0.000678
0.000709
0.000651
0.000673
0.000649
0.000637
0.000666
0.000708
0.000655
0.000633
0.000675
0.000698
0.000712
0.000719
0.000675
0.000637
0.000718
0.000654
0.000664
0.000716
0.000704
0.000696
0.000686
0.000665
0.000691
0.000671
0.000675
0.000691
0.000661
0.000665
0.000683
0.000649
0.000677
0.000699
0.000647
0.000698
0.000721
0.000704
0.000671
0.000709
0.000705
0.000673
0.000687
0.000683
0.000702
0.000684
0.000710
0.000713
0.000679
0.000698
0.000700
0.000750
0.000748
0.000746
0.000702
0.000705
0.000698
0.000647
0.000715
0.000797
0.000780
0.000816
0.000759
0.000806
0.000679
0.000695
0.000729
0.000673
0.000702
0.000721
0.000676
0.000659
0.000661
0.000714
0.000736
0.000739
0.000754
0.000698
0.000682
0.000716
0.000691
0.000677
0.000688
0.000706
0.000696
0.000683
0.000686
0.000702
0.000716
0.000788
0.000776
0.000725
0.000723
0.000747
0.000746
0.000713
0.000666
0.000692
0.000744
0.000711
0.000683
0.000714
0.000708
0.000703
0.000757
0.000752
0.000839
0.000759
0.000728
0.000725
0.000685
0.000615
0.000676
0.000663
0.000631
0.000700
0.000667
0.000644
0.000700
0.000684
0.000657
0.000765
0.000728
0.000726
0.000674
0.000684
0.000709
0.000678
0.000660
0.000671
0.000695
0.000660
0.000703
0.000710
0.000696
0.000730
0.000723
0.000773
0.000816
0.000768
0.000717
0.000718
0.000704
0.000755
0.000707
0.000753
0.000710
0.000720
0.000746
0.000745
0.000722
0.000724
0.000685
0.000693
0.000758
0.000699
0.000731
0.000697
0.000680
0.000693
0.000704
0.000704
0.000687
0.000719
0.000743
0.000778
0.000763
0.000730
0.000724
0.000689
0.000669
0.000740
0.000763
0.000732
0.000720
0.000721
0.000753
0.000770
0.000811
0.000813
0.000809
0.000742
0.000773
0.000738
0.000765
0.000738
0.000744
0.000800
0.000763
0.000724
0.000744
0.000834
0.000868
0.000806
0.000735
0.000735
0.000697
0.000739
0.000740
0.000753
0.000731
0.000723
0.000759
0.000720
0.000742
0.000708
0.000749
0.000810
0.000840
0.000795
0.000746
0.000724
0.000708
0.000757
0.000733
0.000718
0.000745
0.000731
0.000751
0.000739
0.000817
0.000817
0.000805
0.000812
0.000740
0.000728
0.000720
0.000714
0.000691
0.000772
0.000788
0.000777
0.000748
0.000734
0.000787
0.000821
0.000756
0.000718
0.000701
0.000712
0.000765
0.000776
0.000784
0.000735
0.000792
0.000766
0.000751
0.000736
0.000804
