0.000295
0.000329
0.000309
0.000366
0.000310
0.000346
0.000367
0.000399
0.000339
0.000307
0.000338
0.000349
0.000377
0.000403
0.000406
0.000402
0.000381
0.000358
0.000358
0.000368
0.000350
0.000373
0.000383
0.000386
0.000427
0.000414
0.000436
0.000480
0.000425
0.000436
0.000439
0.000450
0.000434
0.000438
0.000406
0.000411
0.000432
0.000422
0.000431
0.000415
0.000440
0.000431
0.000450
0.000434
0.000446
0.000462
0.000458
0.000470
0.000468
0.000479
0.000483
0.000501
0.000492
0.000536
0.000494
0.000517
0.000512
0.000532
0.000557
0.000531
0.000521
0.000557
0.000523
0.000549
0.000542
0.000556
0.000553
0.000532
0.000552
0.000533
0.000548
0.000559
0.000555
0.000571
0.000585
0.000662
0.000583
0.000609
0.000596
0.000581
0.000623
0.000582
0.000589
0.000600
0.000576
0.000583
0.000587
0.000590
0.000618
0.000609
0.000620
0.000648
0.000629
0.000646
0.000522
0.000485
0.000498
0.000486
0.000508
0.000489
0.000499
0.000484
0.000510
0.000495
0.000512
0.000501
0.000512
0.000495
0.000528
0.000535
0.000555
0.000561
0.000522
0.000568
0.000528
0.000534
0.000537
0.000571
0.000602
0.000549
0.000566
0.000541
0.000563
0.000553
0.000539
0.000561
0.000532
0.000544
0.000535
0.000556
0.000527
0.000551
0.000744
0.000569
0.000551
0.000603
0.000557
0.001545
0.000503
0.000515
0.000493
0.000508
0.000479
0.000500
0.000482
0.000509
0.000487
0.000513
0.000498
0.000485
0.000502
0.000470
0.000502
0.000536
0.000585
0.000549
0.000528
0.000515
0.000517
0.000548
0.000496
0.000500
0.000492
0.000530
0.000501
0.000496
0.000500
0.000535
0.000513
0.000539
0.000520
0.000527
0.000506
0.000498
0.000485
0.000509
0.000482
0.000518
0.000488
0.000511
0.000498
0.000510
0.000482
0.000507
0.000501
0.000527
0.000518
0.000491
0.000510
0.000501
0.000495
0.000503
0.000510
0.000579
0.001653
0.000616
0.000529
0.000573
0.000516
0.000532
0.000523
0.000536
0.000524
0.000517
0.000538
0.000528
0.000526
0.000513
0.000547
0.000530
0.000532
0.000535
0.000528
0.000529
0.000522
0.000513
0.000504
0.000534
0.000505
0.000519
0.000503
0.000523
0.000501
0.000547
0.000522
0.000534
0.000525
0.000521
0.000521
0.000510
0.000549
0.000514
0.000529
0.000510
0.000533
0.000516
0.000529
0.000528
0.000517
0.000518
0.000520
0.000525
0.000513
0.000531
0.000510
0.000529
0.000494
0.000520
0.000496
0.000522
0.000512
0.000558
0.000525
0.000513
0.000516
0.000519
0.000686
0.000627
0.000696
0.000753
0.000613
0.000574
0.000561
0.000558
0.000516
0.000543
0.000542
0.000527
0.000523
0.000524
0.000517
0.000520
0.000515
0.000532
0.000501
0.000506
0.000513
0.000498
0.000518
0.000502
0.000543
0.000501
0.000527
0.000505
0.000518
0.000506
0.000519
0.000503
0.000560
0.000511
0.000525
0.000529
0.000501
0.000515
0.000517
0.000537
0.000496
0.000512
0.000512
0.000497
0.000532
0.000494
0.000527
0.000498
0.000515
0.000508
0.000521
0.000523
0.000539
0.000527
0.000526
0.000508
0.000514
0.000513
0.000500
0.000516
0.000526
0.000549
0.000552
0.000609
0.000576
0.000597
0.000586
0.000535
0.000555
0.000525
0.000569
0.000522
0.000543
0.000520
0.000519
0.000518
0.000500
0.000515
0.000517
0.000579
0.000509
0.000533
0.000531
0.000504
0.000527
0.000526
0.000528
0.000522
0.000539
0.000528
0.000547
0.000540
0.000586
0.000564
0.000533
0.000531
0.000531
0.000541
0.000542
0.000507
0.000541
0.000505
0.000528
0.000511
0.000520
0.000512
0.000514
0.000553
0.000506
0.000521
0.000510
0.000520
0.000514
0.000531
0.000511
0.000533
0.000543
0.000541
0.000504
0.000540
0.000507
0.000526
0.000514
0.000586
0.000733
0.000670
0.000655
0.000607
0.000566
0.000613
0.000541
0.000546
0.000530
0.000523
0.000532
0.000571
0.000534
0.000532
0.000518
0.000524
0.000522
0.000516
0.000538
0.000530
0.000537
0.000525
0.000521
0.000520
0.000531
0.000522
0.000549
0.000523
0.000541
0.000530
0.000547
0.000517
0.000543
0.000528
0.000535
0.000529
0.000561
0.000522
0.000551
0.000556
0.000520
0.000533
0.000518
0.000536
0.000538
0.000562
0.000536
0.000539
0.000537
0.000568
0.000540
0.000552
0.000553
0.000554
0.000541
0.000523
0.000557
0.000539
0.000542
0.000529
0.000523
0.000532
0.000533
0.000693
0.000767
0.000743
0.000690
0.000597
0.000531
0.000539
0.000530
0.000564
0.000560
0.000531
0.000534
0.000515
0.000540
0.000528
0.000559
0.000527
0.000552
0.000537
0.000529
0.000539
0.000542
0.000555
0.000533
0.000544
0.000544
0.000560
0.000527
0.000553
0.000530
0.000565
0.000536
0.000519
0.000544
0.000524
0.000536
0.000544
0.000550
0.000539
0.000536
0.000553
0.000524
0.000540
0.000534
0.000550
0.000521
0.000549
0.000520
0.000534
0.000539
0.000518
0.000553
0.000514
0.000530
0.000524
0.000526
0.000513
0.000542
0.000584
0.000617
0.000799
0.000822
0.000894
0.000779
0.000586
0.000619
0.000575
0.000543
0.000551
0.000555
0.000563
0.000568
0.000530
0.000543
0.000537
0.000529
0.000545
0.000523
0.000558
0.000538
0.000533
0.000543
0.000533
0.000562
0.000519
0.000554
0.000520
0.000540
0.000518
0.000541
0.000514
0.000540
0.000533
0.000545
0.000576
0.000532
0.000571
0.000530
0.000536
0.000528
0.000550
0.000533
0.000524
0.000539
0.000542
0.000543
0.000532
0.000554
0.000531
0.000535
0.000519
0.000553
0.000522
0.000526
0.000536
0.000522
0.000549
0.000549
0.000569
0.000541
0.000644
0.000653
0.000587
0.000644
0.000603
0.000561
0.000582
0.000546
0.000555
0.000560
0.000518
0.000558
0.000528
0.000538
0.000548
0.000540
0.000616
0.000536
0.000557
0.000532
0.000537
0.000528
0.000544
0.000540
0.000530
0.000549
0.000526
0.000549
0.000524
0.000539
0.000527
0.000541
0.000545
0.000534
0.000540
0.000535
0.000545
0.000532
0.000569
0.000517
0.000543
0.000529
0.000525
0.000536
0.000523
0.000592
0.000532
0.000538
0.000539
0.000528
0.000526
0.000547
0.000548
0.000524
0.000543
0.000547
0.000618
0.000644
0.000646
0.000668
0.000595
0.000683
0.000561
0.000564
0.000540
0.000552
0.000528
0.000580
0.000537
0.000548
0.000549
0.000535
0.000604
0.000535
0.000581
0.000555
0.000538
0.000537
0.000535
0.000547
0.000525
0.000565
0.000535
0.000543
0.000544
0.000533
0.000538
0.000525
0.000536
0.000529
0.000549
0.000529
0.000562
0.000547
0.000546
0.000539
0.000537
0.000544
0.000521
0.000570
0.000559
0.000550
0.000543
0.000563
0.000525
0.000562
0.000523
0.000553
0.000526
0.000546
0.000549
0.000544
0.000560
0.000565
0.000581
0.000557
0.000589
0.000569
0.000671
0.000776
0.000686
0.000612
0.000648
0.000603
0.000720
0.000596
0.000565
0.000606
0.000574
0.000567
0.000612
0.000598
0.000598
0.000645
0.000611
0.000575
0.000611
0.000590
0.000554
0.000582
0.000542
0.000563
0.000552
0.000542
0.000590
0.000545
0.000571
0.000538
0.000572
0.000553
0.000548
0.000579
0.000541
0.000579
0.000543
0.000565
0.000555
0.000555
0.000562
0.000561
0.000571
0.000539
0.000553
0.000532
0.000554
0.000541
0.000543
0.000548
0.000532
0.000552
0.000539
0.000553
0.000561
0.000544
0.000556
0.000556
0.000590
0.000575
0.000661
0.000640
0.000613
0.000581
0.000568
0.000543
0.000555
0.000557
0.000588
0.000608
0.000601
0.000561
0.000555
0.000551
0.000581
0.000548
0.000576
0.000558
0.000553
0.000554
0.000560
0.000565
0.000550
0.000590
0.000594
0.000623
0.000624
0.000628
0.000668
0.000725
0.000775
0.000687
0.000627
0.000800
0.000829
0.000866
0.000735
0.000613
0.000737
0.000751
0.000751
0.000781
0.000643
0.000656
0.000623
0.000609
0.000658
0.000838
0.000620
0.000871
0.000969
0.001430
0.000985
0.000846
0.001273
0.000656
0.000596
0.000614
0.000568
0.000623
0.000671
0.000583
0.000606
0.000569
0.000534
0.000572
0.000597
0.000588
0.000555
0.000607
0.000564
0.000547
0.000555
0.000547
0.000566
0.000548
0.000556
0.000557
0.000552
0.000553
0.000535
0.000563
0.000574
0.000633
0.000596
0.000576
0.000575
0.000562
0.000578
0.000560
0.000634
0.000581
0.000598
0.000613
0.000560
0.000581
0.000590
0.000566
0.000572
0.000550
0.000612
0.000736
0.000786
0.000912
0.000761
0.000673
0.000728
0.000595
0.000638
0.000563
0.000571
0.000573
0.000552
0.000578
0.000569
0.000797
0.000678
0.000605
0.000574
0.000593
0.000549
0.000581
0.000588
0.000577
0.000590
0.000557
0.000572
0.000550
0.000590
0.000590
0.000570
0.000574
0.000561
0.000576
0.000600
0.000568
0.000592
0.000566
0.000584
0.000585
0.000568
0.000636
0.000574
0.000594
0.000577
0.000575
0.000602
0.000583
0.000663
0.000581
0.000573
0.000569
0.000574
0.000572
0.000597
0.000655
0.000803
0.000824
0.000767
0.000700
0.000592
0.000648
0.000741
0.000639
0.000642
0.000610
0.000632
0.000598
0.000559
0.000580
0.000584
0.000582
0.000624
0.000567
0.000616
0.000578
0.000558
0.000570
0.000554
0.000573
0.000558
0.000615
0.000563
0.000552
0.000584
0.000562
0.000577
0.000590
0.000564
0.000570
0.000556
0.000570
0.000610
0.000589
0.000617
0.000590
0.000631
0.000616
0.000581
0.000612
0.000568
0.000628
0.000576
0.000556
0.000568
0.000556
0.000560
0.000579
0.000539
0.000598
0.000649
0.000754
0.000956
0.000848
0.000770
0.000700
0.000729
0.000662
0.000646
0.000592
0.000588
0.000567
0.000570
0.000585
0.000571
0.000610
0.000578
0.000592
0.000593
0.000575
0.000592
0.000564
0.000615
0.000577
0.000601
0.000611
0.000581
0.000595
0.000589
0.000649
0.000572
0.000591
0.000581
0.000561
0.000580
0.000564
0.000602
0.000582
0.000583
0.000621
0.000582
0.000619
0.000590
0.000634
0.000609
0.000581
0.000592
0.000605
0.000561
