0.000454
0.001300
0.002186
0.002899
0.003656
0.004509
0.005401
0.006136
0.003883
0.003898
0.004401
0.004810
0.005064
0.005559
0.005924
0.006253
0.004792
0.003512
0.003789
0.004046
0.004249
0.004206
0.004429
0.004816
0.005183
0.005152
0.005458
0.005598
0.005828
0.005993
0.006176
0.006199
0.004769
0.003469
0.003541
0.003670
0.003631
0.003761
0.003779
0.003974
0.003970
0.004076
0.004239
0.004373
0.004546
0.004664
0.004688
0.004801
0.004897
0.004909
0.005019
0.005274
0.005344
0.005411
0.005323
0.005554
0.005686
0.005761
0.005965
0.005948
0.006006
0.006264
0.006177
0.006102
0.005419
0.004587
0.003901
0.003479
0.003406
0.003490
0.003534
0.003615
0.003810
0.003669
0.003688
0.003771
0.003756
0.003851
0.003903
0.003969
0.004084
0.004066
0.004143
0.004237
0.004187
0.004242
0.004437
0.004350
0.004618
0.004504
0.004502
0.004571
0.004757
0.004695
0.004811
0.004932
0.004904
0.004715
0.004966
0.004981
0.005118
0.005057
0.005240
0.005136
0.005125
0.005288
0.005277
0.005398
0.005454
0.005572
0.005412
0.005629
0.005615
0.005665
0.005873
0.005941
0.005805
0.005860
0.005895
0.005979
0.006062
0.006112
0.006127
0.006190
0.006208
0.006326
0.005977
0.005745
0.005275
0.004879
0.004469
0.004457
0.004526
0.004338
0.004462
0.004256
0.003783
0.003672
0.003604
0.003522
0.003825
0.003747
0.003710
0.003685
0.003627
0.003772
0.003820
0.003750
0.003881
0.004043
0.003965
0.003752
0.003848
0.003955
0.003911
0.003943
0.004059
0.004170
0.004262
0.004009
0.004129
0.004159
0.004159
0.004182
0.004194
0.004472
0.004359
0.004171
0.004338
0.004459
0.004414
0.004395
0.004305
0.004737
0.004365
0.004474
0.004626
0.004561
0.004463
0.004510
0.004631
0.004809
0.004599
0.004686
0.004794
0.004692
0.004540
0.004896
0.004997
0.004779
0.004857
0.004986
0.005044
0.004833
0.005220
0.005060
0.005055
0.005037
0.005133
0.005145
0.005079
0.005412
0.005062
0.005188
0.005124
0.005355
0.005252
0.005805
0.005413
0.005337
0.005295
0.005344
0.005521
0.005548
0.005351
0.005502
0.005439
0.005472
0.005484
0.005816
0.005587
0.005490
0.005600
0.005702
0.005684
0.006050
0.005710
0.005782
0.005737
0.005802
0.005954
0.005907
0.005844
0.005910
0.005827
0.006146
0.007091
0.006366
0.006291
0.006479
0.006336
0.006649
0.006770
0.006726
0.006517
0.006617
0.007039
0.006965
0.006598
0.006501
0.006458
0.006402
0.006569
0.006164
0.006137
0.006059
0.005823
0.005469
0.005373
0.005371
0.005140
0.004948
0.004991
0.005091
0.004828
0.004742
0.004624
0.004641
0.004514
0.004560
0.004511
0.004545
0.004118
0.004162
0.004066
0.004000
0.003896
0.003906
0.003933
0.003965
0.003750
0.003766
0.003579
0.003739
0.003672
0.003797
0.003703
0.004077
0.003779
0.003754
0.003745
0.003740
0.003874
0.003708
0.003833
0.003841
0.003951
0.003911
0.003787
0.003791
0.003812
0.003820
0.003905
0.003827
0.003924
0.004142
0.003947
0.004002
0.003956
0.003928
0.004070
0.004014
0.004165
0.004130
0.004075
0.004036
0.004062
0.003998
0.004026
0.004028
0.004135
0.004191
0.004378
0.004182
0.004260
0.004137
0.004273
0.004218
0.004167
0.004472
0.004305
0.004144
0.004265
0.004351
0.004411
0.004295
0.004266
0.004544
0.004304
0.004326
0.004306
0.004366
0.004383
0.004579
0.004476
0.004384
0.004408
0.004533
0.004551
0.004537
0.004428
0.004608
0.004785
0.004704
0.004580
0.004512
0.004648
0.004586
0.004740
0.005866
0.004587
0.004574
0.004615
0.004638
0.004632
0.004758
0.004775
0.004585
0.004676
0.004635
0.004741
0.004786
0.004660
0.005027
0.004779
0.004816
0.004652
0.004784
0.004743
0.004713
0.005071
0.004807
0.004899
0.004983
0.004831
0.004977
0.005004
0.005117
0.004982
0.004870
0.004948
0.005098
0.005025
0.005412
0.005086
0.005081
0.004937
0.005054
0.005191
0.005081
0.005213
0.005118
0.005194
0.005157
0.005091
0.005194
0.005370
0.005305
0.005305
0.005199
0.005354
0.005326
0.005391
0.005684
0.005564
0.005517
0.005322
0.005358
0.005688
0.005430
0.005252
0.005519
0.005354
0.005493
0.005854
0.006481
0.005496
0.006031
0.005654
0.005750
0.006157
0.005702
0.005558
0.005594
0.005608
0.005536
0.005848
0.005526
0.005545
0.005659
0.005400
0.005717
0.005875
0.005634
0.005510
0.005532
0.005671
0.005889
0.006212
0.005811
0.005774
0.005648
0.005808
0.005844
0.006016
0.005765
0.005758
0.005754
0.005624
0.006129
0.005912
0.005767
0.005919
0.005794
0.005816
0.006272
0.005961
0.005847
0.005918
0.006062
0.006219
0.005944
0.006011
0.006067
0.005963
0.005966
0.006241
0.006145
0.006018
0.005883
0.005964
0.006220
0.006563
0.006060
0.006206
0.006056
0.006119
0.006640
0.006152
0.006278
0.006148
0.006131
0.006433
0.006193
0.006215
0.006227
0.006351
0.006289
0.006508
0.005918
0.006115
0.006040
0.005903
0.006480
0.005789
0.005724
0.005654
0.005467
0.005856
0.005812
0.005585
0.005311
0.005562
0.005450
0.005436
0.005666
0.005204
0.005143
0.005282
0.004957
0.005048
0.005542
0.005105
0.004961
0.004740
0.004732
0.004842
0.004706
0.004893
0.004725
0.004600
0.004707
0.004555
0.004522
0.004272
0.004896
0.004466
0.004420
0.004405
0.004139
0.004219
0.004353
0.004313
0.004558
0.004252
0.004254
0.004048
0.004167
0.004077
0.004144
0.004267
0.004403
0.003952
0.004000
0.003983
0.003879
0.003889
0.003759
0.003894
0.004347
0.003926
0.003864
0.003773
0.003805
0.003844
0.003748
0.003814
0.003888
0.003976
0.003704
0.003862
0.003926
0.003763
0.003878
0.003756
0.003822
0.003951
0.004130
0.003904
0.003762
0.003823
0.003800
0.003780
0.003890
0.003782
0.004294
0.003741
0.006994
0.003973
0.003933
0.003826
0.003870
0.004025
0.004288
0.003918
0.003920
0.003855
0.003929
0.003868
0.003927
0.003913
0.004394
0.003932
0.003894
0.004069
0.003980
0.003877
0.003901
0.003905
0.004241
0.004245
0.004090
0.004005
0.003972
0.004079
0.004012
0.003968
0.004297
0.004207
0.004026
0.003994
0.004186
0.004403
0.004110
0.004151
0.004251
0.004374
0.004081
0.004081
0.004147
0.003973
0.004023
0.004038
0.004483
0.004425
0.004076
0.004151
0.004088
0.004167
0.004213
0.004184
0.004256
0.004325
0.004147
0.004207
0.004335
0.004139
0.004110
0.004192
0.004355
0.004351
0.004133
0.004341
0.004341
0.004181
0.004175
0.004332
0.004892
0.004367
0.004373
0.004357
0.004301
0.004331
0.004298
0.004479
0.004839
0.004361
0.004407
0.004283
0.004465
0.004408
0.004397
0.004716
0.004375
0.004357
0.004440
0.004276
0.004444
0.004287
0.004652
0.004704
0.004477
0.004483
0.004389
0.004484
0.004450
0.004462
0.005021
0.004393
0.004473
0.004532
0.004410
0.004480
0.004548
0.005109
0.004542
0.004496
0.004493
0.004602
0.004530
0.004513
0.004552
0.004939
0.004530
0.004517
0.004532
0.004625
0.004463
0.004532
0.005318
0.004586
0.004505
0.004630
0.004579
0.004638
0.004698
0.005150
0.004647
0.004651
0.004822
0.004789
0.004691
0.004599
0.005120
0.004652
0.004722
0.004609
0.004751
0.004605
0.004760
0.005263
0.004818
0.004676
0.004747
0.004821
0.004752
0.004985
0.005109
0.004826
0.004776
0.004889
0.004720
0.004891
0.004901
0.005184
0.004865
0.004900
0.004869
0.004893
0.004879
0.005206
0.004937
0.004916
0.004831
0.004850
0.004751
0.004946
0.005382
0.004997
0.005037
0.004979
0.005033
0.005053
0.005095
0.005741
0.005012
0.004879
0.004985
0.005032
0.005097
0.005941
0.004948
0.005437
0.005248
0.005067
0.005104
0.005287
0.005473
0.005050
0.005130
0.005164
0.005202
0.005337
0.005678
0.005069
0.005074
0.005033
0.005133
0.005103
0.005755
0.005184
0.005077
0.005229
0.005178
0.005113
0.005470
0.005626
0.005100
0.005132
0.005187
0.005135
0.005184
0.005733
0.005358
0.005490
0.005300
0.005358
0.005239
0.005742
0.005339
0.005286
0.005227
0.005144
0.005352
0.005865
0.005456
0.005204
0.005315
0.005306
0.005359
0.005507
0.005681
0.005261
0.005218
0.005388
0.005290
0.005420
0.005753
0.005388
0.005328
0.005234
0.005373
0.005304
0.005883
0.005455
0.005482
0.005419
0.005450
0.005672
0.005823
0.005475
0.005411
0.005613
0.005618
0.005493
0.005853
0.005436
0.005471
0.005663
0.005673
0.005550
0.005901
0.005610
0.005708
0.005456
0.005533
0.005872
0.005652
0.005475
0.005738
0.005611
0.005590
0.005829
0.005778
0.005523
0.005631
0.005497
0.005686
0.006012
0.005758
0.005578
0.005589
0.005629
0.005572
0.006148
0.005592
0.005589
0.005646
0.005665
0.005605
0.006214
0.005683
0.005537
0.005729
0.005669
0.005666
0.006149
0.005685
0.005781
0.005793
0.005654
0.005959
0.005958
0.005737
0.005627
0.005869
0.005926
0.006341
0.005883
0.005789
0.005861
0.005771
0.005766
0.006320
0.005801
0.005810
0.005887
0.005913
0.005914
0.006518
0.005902
0.005881
0.005825
0.005780
0.006416
0.005920
0.005900
0.005855
0.005912
0.005923
0.006183
0.005875
0.005928
0.006031
0.005912
0.006433
0.006138
0.006027
0.005909
0.005967
0.006119
0.006436
0.005931
0.005927
0.005986
0.005805
0.006580
0.006121
0.006245
0.006019
0.006163
0.006183
0.006268
0.006109
0.006139
0.006075
0.006167
0.006554
0.005988
0.006010
0.006031
0.006086
0.006562
0.006266
0.005968
0.006172
0.005981
0.006197
0.006522
0.006152
0.006260
0.006310
0.006428
0.006486
0.006133
0.006369
0.006067
0.006392
0.007049
0.006281
0.006116
0.006238
0.006286
0.006432
0.006453
0.006502
0.006329
0.006610
0.006325
0.006675
0.006256
0.006380
0.006205
0.006244
0.006487
0.006202
0.006045
0.006135
0.006103
0.006753
0.006037
0.006185
0.006271
0.005971
0.005954
0.006668
0.006190
0.006109
0.006007
0.006160
