0.000391
0.001092
0.001910
0.002604
0.003324
0.003990
0.004866
0.005620
0.004197
0.004253
0.004641
0.005256
0.005552
0.005951
0.006495
0.006909
0.004289
0.003410
0.003560
0.003904
0.004107
0.004037
0.004310
0.004844
0.004726
0.004914
0.005297
0.005332
0.005739
0.006017
0.005965
0.006061
0.005214
0.003980
0.004024
0.004652
0.004362
0.004275
0.004408
0.004595
0.004617
0.004761
0.004984
0.005221
0.005181
0.005230
0.005397
0.005478
0.005660
0.005728
0.005843
0.005888
0.006266
0.006146
0.006397
0.006529
0.006529
0.007259
0.006678
0.007112
0.013031
0.007288
0.006991
0.007307
0.007335
0.004478
0.004130
0.003913
0.003686
0.003844
0.003830
0.004020
0.004150
0.004039
0.003943
0.004135
0.004104
0.004157
0.004302
0.004692
0.004259
0.004302
0.004377
0.004646
0.004489
0.004577
0.004840
0.004719
0.004788
0.004811
0.005092
0.004945
0.005272
0.005135
0.005087
0.005161
0.005164
0.005137
0.005344
0.005338
0.005492
0.005389
0.005496
0.005443
0.005490
0.005757
0.005693
0.005674
0.005899
0.005888
0.005832
0.006173
0.005967
0.006017
0.006220
0.006136
0.006389
0.006267
0.006251
0.006458
0.006271
0.006793
0.006597
0.006677
0.006886
0.006602
0.006471
0.006312
0.004847
0.004127
0.004020
0.003828
0.003823
0.003674
0.003907
0.003717
0.003269
0.003257
0.003102
0.003107
0.003185
0.003167
0.003231
0.003371
0.003342
0.003400
0.003564
0.003491
0.003461
0.003482
0.003489
0.003322
0.003437
0.004060
0.003651
0.003554
0.003687
0.003614
0.003743
0.003560
0.003699
0.003788
0.004258
0.003872
0.003703
0.003860
0.003888
0.003702
0.003946
0.003917
0.004059
0.004161
0.003811
0.004067
0.003814
0.003951
0.004179
0.004735
0.004001
0.004203
0.003983
0.003997
0.004095
0.004239
0.004292
0.004072
0.004082
0.004302
0.004382
0.004231
0.004285
0.004330
0.004467
0.004271
0.004596
0.004655
0.004486
0.004548
0.004524
0.004534
0.004520
0.004763
0.004562
0.004631
0.004621
0.004760
0.004672
0.004844
0.004703
0.004885
0.004727
0.004606
0.004730
0.004776
0.004679
0.004946
0.004883
0.004864
0.004799
0.004803
0.005128
0.004902
0.005277
0.005147
0.005090
0.005095
0.005087
0.005227
0.005269
0.005381
0.005223
0.005182
0.005238
0.005296
0.005259
0.005476
0.005410
0.005415
0.005404
0.005354
0.005368
0.005457
0.005602
0.005636
0.005448
0.005642
0.005603
0.005598
0.005792
0.005328
0.005431
0.005342
0.005503
0.006828
0.006041
0.005705
0.005336
0.004801
0.005398
0.005538
0.004972
0.004676
0.004714
0.004704
0.004771
0.004960
0.004905
0.005077
0.004734
0.004863
0.004319
0.004436
0.004218
0.004260
0.005007
0.004313
0.004271
0.004244
0.005003
0.004127
0.004319
0.005052
0.004132
0.004402
0.004467
0.004338
0.003962
0.004063
0.004128
0.004361
0.004042
0.003938
0.004073
0.003925
0.004024
0.004019
0.003963
0.004154
0.003897
0.004098
0.004021
0.004080
0.004184
0.013776
0.003953
0.004064
0.004060
0.004098
0.016250
0.004034
0.004144
0.004185
0.004214
0.004085
0.004072
0.004068
0.004491
0.004066
0.004083
0.004027
0.004163
0.004160
0.004142
0.004256
0.004455
0.004190
0.004279
0.004163
0.004217
0.004258
0.004290
0.004173
0.004341
0.004423
0.004279
0.004317
0.004239
0.004311
0.004304
0.004477
0.004339
0.004388
0.004337
0.004489
0.004411
0.004378
0.004455
0.004713
0.004524
0.004507
0.004457
0.004593
0.004505
0.004736
0.004746
0.004710
0.004456
0.004636
0.004678
0.004635
0.004633
0.004841
0.004709
0.004653
0.004655
0.004697
0.004664
0.004644
0.004929
0.004741
0.004838
0.004791
0.004706
0.004772
0.004783
0.006110
0.004714
0.004701
0.004762
0.004799
0.004927
0.004826
0.005155
0.004867
0.004786
0.004897
0.004864
0.004925
0.004970
0.005202
0.004983
0.004989
0.004996
0.004966
0.005056
0.005050
0.005094
0.004984
0.005180
0.005074
0.005080
0.005111
0.005506
0.005208
0.005087
0.005139
0.005111
0.005232
0.005451
0.005350
0.005173
0.005248
0.005162
0.005179
0.005415
0.005439
0.005171
0.005306
0.005162
0.005234
0.005234
0.005755
0.005239
0.005284
0.005325
0.005565
0.005297
0.005635
0.005397
0.005471
0.005390
0.005532
0.005427
0.005648
0.005816
0.005513
0.005614
0.005538
0.005504
0.006040
0.005463
0.005732
0.005601
0.005621
0.005546
0.005917
0.005659
0.005685
0.005883
0.005807
0.005802
0.005995
0.006037
0.005813
0.005884
0.005918
0.005915
0.006413
0.005712
0.005984
0.005946
0.005825
0.006394
0.005932
0.005947
0.005966
0.006035
0.006041
0.006218
0.006162
0.006083
0.006000
0.006090
0.006482
0.006180
0.006004
0.006229
0.006313
0.006497
0.006098
0.006093
0.006330
0.006293
0.006285
0.006612
0.006127
0.006203
0.006393
0.006134
0.006871
0.006312
0.006287
0.006149
0.006421
0.006734
0.006303
0.006160
0.006274
0.006168
0.006061
0.006424
0.006136
0.006036
0.006194
0.005949
0.006371
0.005916
0.005692
0.006001
0.005678
0.005996
0.005632
0.005773
0.005675
0.005635
0.005531
0.005600
0.005603
0.005583
0.005250
0.005385
0.005456
0.005457
0.005569
0.005226
0.005109
0.005263
0.005039
0.005017
0.005595
0.005111
0.005084
0.005037
0.004965
0.004823
0.005075
0.004975
0.004916
0.004887
0.004731
0.004733
0.004884
0.005403
0.004746
0.004779
0.004735
0.004583
0.004722
0.004734
0.005262
0.004796
0.004672
0.004641
0.004673
0.004711
0.004579
0.005002
0.004619
0.004682
0.004601
0.004472
0.004654
0.004501
0.004886
0.004622
0.004513
0.004554
0.004537
0.004494
0.004490
0.004818
0.004856
0.004544
0.004575
0.004535
0.004559
0.004603
0.004920
0.004924
0.004610
0.004694
0.004765
0.004843
0.004718
0.004800
0.004914
0.004665
0.004815
0.004810
0.004832
0.004765
0.004858
0.005128
0.004816
0.004708
0.004813
0.004781
0.004989
0.004814
0.005221
0.004738
0.004864
0.004973
0.005047
0.005050
0.005905
0.004905
0.005104
0.004992
0.005187
0.005062
0.005629
0.005366
0.004929
0.004948
0.004879
0.004929
0.004984
0.005172
0.005069
0.004902
0.005019
0.005001
0.005013
0.005089
0.005355
0.004978
0.004967
0.005028
0.004955
0.004859
0.005353
0.005083
0.005003
0.005022
0.005052
0.005021
0.005003
0.005329
0.005091
0.005060
0.005118
0.005227
0.005165
0.005367
0.005389
0.005093
0.005091
0.005146
0.005141
0.005282
0.005720
0.005197
0.005218
0.005141
0.011306
0.005550
0.005290
0.005436
0.005372
0.005305
0.005214
0.005877
0.005276
0.005525
0.005464
0.005498
0.005532
0.005911
0.005448
0.005741
0.005493
0.005393
0.005351
0.005902
0.005527
0.005310
0.005434
0.005458
0.005472
0.005960
0.005532
0.007793
0.005573
0.005489
0.005674
0.006060
0.005595
0.005472
0.005517
0.005564
0.005823
0.005712
0.005706
0.005631
0.005484
0.005571
0.005709
0.005893
0.005612
0.005549
0.005805
0.005674
0.006062
0.005593
0.005630
0.005689
0.005597
0.005611
0.006036
0.005724
0.005579
0.005635
0.005604
0.005653
0.006124
0.005625
0.005662
0.005638
0.005674
0.005850
0.006028
0.005744
0.005748
0.005773
0.005774
0.005892
0.006157
0.005759
0.005750
0.005794
0.005676
0.006086
0.005736
0.005810
0.005820
0.005767
0.005850
0.006215
0.005738
0.005842
0.005787
0.005868
0.006029
0.006194
0.005855
0.005814
0.005857
0.005890
0.006163
0.005866
0.005879
0.005835
0.005896
0.005951
0.006199
0.005930
0.008881
0.005879
0.006069
0.006311
0.005899
0.006010
0.005897
0.005944
0.006395
0.006032
0.005879
0.006066
0.006000
0.005991
0.006314
0.006067
0.006136
0.006042
0.006147
0.006279
0.006264
0.006078
0.006095
0.006114
0.006148
0.006513
0.006105
0.006041
0.006113
0.006041
0.006537
0.006224
0.006203
0.006173
0.006058
0.006556
0.006403
0.006163
0.006216
0.006157
0.006190
0.006503
0.006217
0.006308
0.006338
0.006157
0.006628
0.006401
0.006292
0.006336
0.006338
0.006688
0.006833
0.006299
0.006358
0.006385
0.007123
0.006432
0.006417
0.006344
0.006336
0.007064
0.006735
0.006369
0.006472
0.006427
0.006697
0.006562
0.006371
0.006407
0.006403
0.006628
0.006854
0.007041
0.006465
0.006332
0.006617
0.006884
0.007010
0.007056
0.006465
0.007004
0.006699
0.006479
0.006485
0.006681
0.006866
0.006692
0.006710
0.006604
0.006549
0.007094
0.006692
0.006559
0.006645
0.006615
0.007319
0.006719
0.006583
0.006660
0.006608
0.007112
0.006920
0.006795
0.006781
0.006640
0.007046
0.006774
0.006800
0.006655
0.006843
0.007046
0.006811
0.006813
0.006699
0.006726
0.007307
0.006762
0.006767
0.006780
0.006855
0.007189
0.006853
0.006784
0.006777
0.007201
0.006999
0.006941
0.006907
0.006980
0.007175
0.007195
0.006924
0.006901
0.006894
0.007422
0.006835
0.006916
0.006923
0.007043
0.007414
0.006850
0.007143
0.007053
0.007214
0.007233
0.007020
0.007071
0.007060
0.007503
0.007047
0.007032
0.007052
0.007103
0.007472
0.007024
0.007109
0.007189
0.007377
0.007191
0.007083
0.007113
0.007061
0.007713
0.007067
0.007088
0.007201
0.007175
0.007495
0.007292
0.007266
0.007185
0.007587
0.007337
0.007219
0.007280
0.007272
0.007715
0.007196
0.007270
0.007332
0.007793
0.007323
0.007270
0.007208
0.007263
0.007797
0.007260
0.007471
0.007467
0.007960
0.007506
0.007468
0.007436
0.007421
0.007929
0.007538
0.007457
0.007474
0.007775
0.007325
0.007520
0.007385
0.007876
0.007542
0.007578
0.007394
0.007544
0.007794
0.007400
0.007604
0.007608
0.007830
0.007525
0.007615
0.007520
0.007539
0.007846
0.007677
0.007623
0.007586
0.008046
0.007493
0.007495
0.007584
0.008001
0.007516
0.007632
0.007752
0.007668
0.007860
0.007486
0.007591
0.007308
0.006621
0.006317
0.005991
0.006004
0.006102
0.006128
0.006516
0.006035
0.006173
