0.000278
0.000314
0.000352
0.000402
0.000315
0.000319
0.000362
0.000389
0.000369
0.000276
0.000265
0.000284
0.000313
0.000330
0.000332
0.000337
0.000362
0.000308
0.000302
0.000313
0.000321
0.000325
0.000328
0.000365
0.000365
0.000364
0.000377
0.000405
0.000382
0.000373
0.000385
0.000399
0.000403
0.000383
0.000400
0.000386
0.000375
0.000403
0.000367
0.000383
0.000390
0.000391
0.000407
0.000411
0.000416
0.000410
0.000412
0.000487
0.000436
0.000440
0.000440
0.000471
0.000442
0.000471
0.000459
0.000491
0.000481
0.000487
0.000499
0.000487
0.000491
0.000500
0.000528
0.000503
0.000549
0.000511
0.000498
0.000540
0.000509
0.000550
0.000521
0.000533
0.000526
0.000582
0.000515
0.000526
0.000546
0.000564
0.000558
0.000546
0.000534
0.000558
0.000550
0.000559
0.000563
0.000554
0.000596
0.000568
0.000573
0.000562
0.000572
0.000590
0.000606
0.000584
0.000585
0.000573
0.000517
0.000506
0.000527
0.000511
0.000553
0.000521
0.000543
0.000522
0.000541
0.000533
0.000561
0.000571
0.000544
0.000565
0.000549
0.000571
0.000560
0.000570
0.000597
0.000564
0.000574
0.000569
0.000589
0.000582
0.000577
0.000639
0.000580
0.000608
0.000607
0.000616
0.000614
0.000605
0.000608
0.000646
0.000604
0.000569
0.000495
0.000483
0.000443
0.000496
0.000462
0.000481
0.000465
0.000476
0.000469
0.000483
0.000484
0.000514
0.000471
0.000485
0.000483
0.000503
0.000492
0.000497
0.000493
0.000558
0.000490
0.000492
0.000486
0.000498
0.000506
0.000500
0.000495
0.000507
0.000508
0.000497
0.000495
0.000500
0.000497
0.000499
0.000533
0.000491
0.000524
0.000517
0.000511
0.000515
0.000511
0.000515
0.000506
0.000539
0.000514
0.000527
0.000511
0.000528
0.000513
0.000565
0.000523
0.000558
0.000538
0.000504
0.000475
0.000479
0.000508
0.000490
0.000555
0.000489
0.000497
0.000483
0.000493
0.000497
0.000502
0.000508
0.000532
0.000500
0.000498
0.000497
0.000502
0.000497
0.000498
0.000506
0.000536
0.000498
0.000519
0.000547
0.000539
0.000532
0.000528
0.000548
0.000504
0.000522
0.000509
0.000528
0.000510
0.000513
0.000515
0.000551
0.000531
0.000522
0.000533
0.000520
0.000537
0.000541
0.000530
0.000551
0.000528
0.000553
0.000544
0.000549
0.000525
0.000477
0.000482
0.000495
0.000473
0.000541
0.000483
0.000495
0.000496
0.000516
0.000512
0.000494
0.000538
0.000504
0.000529
0.000499
0.000507
0.000483
0.000531
0.000487
0.000490
0.000482
0.000497
0.000486
0.000518
0.000481
0.000522
0.000486
0.000496
0.000488
0.000495
0.000492
0.000501
0.000485
0.000548
0.000493
0.000507
0.000496
0.000502
0.000502
0.000501
0.000494
0.000527
0.000495
0.000507
0.000496
0.000506
0.000488
0.000518
0.000510
0.000515
0.000511
0.000503
0.000525
0.000506
0.000541
0.000524
0.000514
0.000519
0.000532
0.000536
0.000533
0.000517
0.000570
0.000521
0.000585
0.000538
0.000486
0.000488
0.000472
0.000458
0.000482
0.000475
0.000531
0.000475
0.000479
0.000481
0.000481
0.000480
0.000507
0.000486
0.000512
0.000479
0.000498
0.000476
0.000517
0.000475
0.000503
0.000482
0.000506
0.000492
0.000514
0.000516
0.000519
0.000497
0.000497
0.000498
0.000527
0.000506
0.000512
0.000496
0.000522
0.000514
0.000506
0.000536
0.000514
0.000545
0.000506
0.000524
0.000515
0.000523
0.000516
0.000533
0.000514
0.000570
0.000516
0.000523
0.000529
0.000518
0.000541
0.000523
0.000576
0.000527
0.000543
0.000538
0.000538
0.000545
0.000527
0.000566
0.000539
0.000542
0.000527
0.000540
0.000476
0.000491
0.000482
0.000508
0.000476
0.000478
0.000471
0.000491
0.000512
0.000516
0.000495
0.000532
0.000486
0.000506
0.000513
0.000486
0.000513
0.000503
0.000562
0.000507
0.000523
0.000506
0.000527
0.000500
0.000494
0.000495
0.000548
0.000508
0.000545
0.000531
0.000534
0.000538
0.000523
0.000578
0.000511
0.000544
0.000507
0.000538
0.000514
0.000524
0.000512
0.000552
0.000516
0.000531
0.000528
0.000523
0.000533
0.000515
0.000558
0.000519
0.000570
0.000527
0.000539
0.000523
0.000547
0.000549
0.000527
0.000570
0.000547
0.000544
0.000544
0.000544
0.000559
0.000540
0.000560
0.000541
0.000547
0.000562
0.000477
0.000501
0.000483
0.000490
0.000488
0.000546
0.000483
0.000497
0.000493
0.000503
0.000496
0.000529
0.000503
0.000507
0.000492
0.000511
0.000500
0.000512
0.000503
0.000546
0.000499
0.000521
0.000521
0.000520
0.000544
0.000517
0.000573
0.000525
0.000528
0.000511
0.000527
0.000514
0.000530
0.000519
0.000548
0.000522
0.000524
0.000551
0.000516
0.000532
0.000517
0.000558
0.000533
0.000552
0.000551
0.000537
0.000537
0.000550
0.000546
0.000577
0.000538
0.000545
0.000530
0.000541
0.000536
0.000540
0.000524
0.000571
0.000538
0.000535
0.000547
0.000542
0.000545
0.000491
0.000513
0.000494
0.000531
0.000484
0.000513
0.000491
0.000494
0.000479
0.000484
0.000493
0.000525
0.000498
0.000497
0.000505
0.000494
0.000507
0.000519
0.000494
0.000498
0.000515
0.000501
0.000523
0.000510
0.000554
0.000497
0.000512
0.000500
0.000526
0.000501
0.000537
0.000497
0.000541
0.000505
0.000515
0.000502
0.000519
0.000515
0.000522
0.000538
0.000518
0.000545
0.000514
0.000527
0.000529
0.000516
0.000540
0.000520
0.000551
0.000527
0.000536
0.000534
0.000543
0.000534
0.000526
0.000558
0.000525
0.000526
0.000528
0.000572
0.000528
0.000548
0.000525
0.000617
0.000609
0.000565
0.000567
0.000556
0.000554
0.000601
0.000546
0.000552
0.000540
0.000557
0.000481
0.000511
0.000496
0.000533
0.000484
0.000544
0.000525
0.000526
0.000510
0.000499
0.000573
0.000494
0.000507
0.000501
0.000500
0.000492
0.000511
0.000503
0.000534
0.000510
0.000515
0.000517
0.000507
0.000514
0.000518
0.000525
0.000515
0.000563
0.000526
0.000541
0.000539
0.000526
0.000540
0.000527
0.000567
0.000520
0.000530
0.000516
0.000535
0.000532
0.000529
0.000588
0.000527
0.000537
0.000522
0.000547
0.000540
0.000554
0.000550
0.000572
0.000552
0.000546
0.000559
0.000539
0.000550
0.000531
0.000587
0.000556
0.000557
0.000551
0.000553
0.000555
0.000511
0.000502
0.000544
0.000506
0.000531
0.000529
0.000536
0.000557
0.000541
0.000550
0.000543
0.000584
0.000511
0.000517
0.000513
0.000525
0.000515
0.000536
0.000523
0.000552
0.000525
0.000506
0.000514
0.000518
0.000544
0.000522
0.000525
0.000516
0.000518
0.000517
0.000533
0.000530
0.000546
0.000535
0.000530
0.000562
0.000521
0.000537
0.000523
0.000560
0.000522
0.000531
0.000542
0.000529
0.000553
0.000533
0.000573
0.000535
0.000541
0.000538
0.000553
0.000543
0.000554
0.000597
0.000547
0.000554
0.000557
0.000573
0.000549
0.000549
0.000546
0.000601
0.000558
0.000551
0.000567
0.000552
0.000569
0.000553
0.000595
0.000519
0.000510
0.000509
0.000503
0.000495
0.000524
0.000509
0.000522
0.000506
0.000513
0.000505
0.000510
0.000501
0.000515
0.000507
0.000539
0.000510
0.000542
0.000516
0.000523
0.000528
0.000520
0.000576
0.000514
0.000544
0.000517
0.000521
0.000511
0.000537
0.000517
0.000549
0.000517
0.000524
0.000534
0.000520
0.000550
0.000544
0.000573
0.000522
0.000561
0.000538
0.000554
0.000559
0.000551
0.000611
0.000556
0.000574
0.000549
0.000564
0.000586
0.000557
0.000590
0.000579
0.000562
0.000565
0.000568
0.000573
0.000563
0.000626
0.000572
0.000547
0.000527
0.000510
0.000518
0.000506
0.000556
0.000519
0.000526
0.000512
0.000533
0.000520
0.000526
0.000512
0.000562
0.000536
0.000541
0.000536
0.000563
0.000548
0.000528
0.000564
0.000526
0.000531
0.000535
0.000567
0.000659
0.000648
0.000658
0.000563
0.000558
0.000564
0.000542
0.000569
0.000546
0.000607
0.000550
0.000545
0.000545
0.000543
0.000554
0.000548
0.000579
0.000569
0.000564
0.000587
0.000557
0.000562
0.000546
0.000592
0.000561
0.000560
0.000584
0.000575
0.000568
0.000570
0.000578
0.000600
0.000568
0.000552
0.000559
0.000556
0.000576
0.000540
0.000543
0.000514
0.000505
0.000520
0.000527
0.000519
0.000510
0.000612
0.000530
0.000553
0.000538
0.000551
0.000533
0.000522
0.000559
0.000527
0.000522
0.000533
0.000524
0.000522
0.000533
0.000513
0.000543
0.000570
0.000536
0.000545
0.000557
0.000562
0.000547
0.000586
0.000548
0.000554
0.000548
0.000561
0.000589
0.000549
0.000567
0.000555
0.000557
0.000561
0.000551
0.000570
0.000578
0.000564
0.000593
0.000557
0.000570
0.000567
0.000565
0.000569
0.000556
0.000626
0.000595
0.000560
0.000579
0.000565
0.000579
0.000536
0.000538
0.000508
0.000524
0.000538
0.000518
0.000524
0.000501
0.000525
0.000515
0.000568
0.000521
0.000528
0.000516
0.000551
0.000540
0.000521
0.000549
0.000516
0.000530
0.000526
0.000527
0.000518
0.000566
0.000523
0.000538
0.000515
0.000538
0.000544
0.000544
0.000603
0.000551
0.000552
0.000539
0.000548
0.000546
0.000545
0.000577
0.000542
0.000560
0.000565
0.000557
0.000572
0.000566
0.000611
0.000581
0.000563
0.000575
0.000579
0.000581
0.000589
0.000566
0.000613
0.000565
0.000575
0.000582
0.000561
0.000585
0.000573
0.000601
0.000530
0.000544
0.000534
0.000538
0.000523
0.000558
0.000535
0.000528
0.000533
0.000547
0.000527
0.000536
0.000527
0.000574
0.000528
0.000532
0.000549
0.000529
0.000538
0.000526
0.000553
0.000521
0.000544
0.000548
0.000556
0.000553
0.000537
0.000581
0.000544
0.000550
0.000540
0.000551
0.000560
0.000547
0.000557
0.000560
0.000606
0.000549
0.000562
0.000553
0.000543
0.000562
0.000552
0.000561
0.000549
0.000572
0.000602
0.000562
0.000576
0.000562
0.000604
0.000577
0.000567
0.000604
0.000561
0.000581
0.000572
