0.000120
0.000132
0.000148
0.000156
0.000152
0.000156
0.000161
0.000164
0.000162
0.000178
0.000169
0.000178
0.000176
0.000175
0.000178
0.000193
0.000186
0.000186
0.000181
0.000187
0.000237
0.000190
0.000186
0.000197
0.000194
0.000208
0.000198
0.000198
0.000200
0.000197
0.000227
0.000209
0.000208
0.000207
0.000222
0.000214
0.000206
0.000203
0.000204
0.000232
0.000228
0.000214
0.000212
0.000215
0.000246
0.000223
0.000217
0.000222
0.000240
0.000219
0.000223
0.000244
0.000402
0.000389
0.000437
0.000443
0.000617
0.000826
0.000954
0.000545
0.000577
0.000349
0.000281
0.000291
0.000254
0.000243
0.000251
0.000247
0.000240
0.000239
0.000249
0.000236
0.000242
0.000244
0.000300
0.000278
0.000250
0.000254
0.000275
0.000249
0.000247
0.000241
0.000269
0.000306
0.000330
0.000357
0.000320
0.000301
0.000354
0.000359
0.000376
0.000451
0.000383
0.000379
0.000325
0.000318
0.000346
0.000306
0.000307
0.000325
0.000323
0.000353
0.000474
0.000395
0.000430
0.000397
0.000444
0.000453
0.000396
0.000464
0.000385
0.000511
0.000463
0.000507
0.000474
0.000479
0.000405
0.000407
0.000546
0.000775
0.000940
0.000816
0.000520
0.000516
0.000482
0.000833
0.000858
0.000799
0.000532
0.000600
0.000665
0.001598
0.001222
0.000954
0.000625
0.000502
0.000598
0.000579
0.000519
0.000424
0.000485
0.000432
0.000521
0.000517
0.000488
0.000475
0.000427
0.000385
0.000403
0.000367
0.000415
0.000395
0.000425
0.000392
0.000359
0.000419
0.000837
0.000784
0.000819
0.000828
0.000530
0.000486
0.000466
0.000417
0.000395
0.000473
0.000483
0.000438
0.000498
0.000430
0.000422
0.000404
0.000393
0.000462
0.000401
0.000426
0.000405
0.000395
0.000385
0.000383
0.000418
0.000466
0.000486
0.000487
0.000503
0.000418
0.000426
0.000409
0.000475
0.000503
0.000495
0.000630
0.000662
0.000954
0.001153
0.001067
0.001239
0.000685
0.000550
0.000498
0.000481
0.000541
0.000487
0.000471
0.000463
0.000480
0.000455
0.000528
0.000547
0.000523
0.000546
0.000504
0.000533
0.000455
0.000499
0.000490
0.000534
0.000503
0.000592
0.000560
0.000621
0.000825
0.000728
0.000730
0.000568
0.000580
0.000501
0.000488
0.000446
0.000459
0.000437
0.000549
0.000492
0.000500
0.000457
0.000476
0.000445
0.000488
0.000475
0.000499
0.000449
0.000645
0.000614
0.000603
0.000596
0.000606
0.000559
0.000568
0.000523
0.000559
0.000541
0.000623
0.000761
0.001337
0.001252
0.001102
0.000851
0.000590
0.000675
0.000584
0.000530
0.000530
0.000519
0.000612
0.000534
0.000571
0.000497
0.000533
0.000525
0.000569
0.000588
0.000516
0.000625
0.000553
0.000581
0.000617
0.000567
0.000622
0.000575
0.000754
0.000657
0.000581
0.000540
0.000592
0.000565
0.000631
0.000594
0.000683
0.000701
0.000672
0.000646
0.000743
0.000682
0.000637
0.000745
0.000824
0.000860
0.000784
0.000774
0.000676
0.000727
0.001732
0.001870
0.001049
0.000734
0.000716
0.000645
0.000608
0.000745
0.000801
0.000732
0.000618
0.000678
0.000695
0.000639
0.000724
0.000767
0.000788
0.000740
0.000715
0.000844
0.000752
0.000695
0.000623
0.000678
0.000696
0.000675
0.000698
0.000749
0.000680
0.000932
0.000950
0.000732
0.000627
0.000603
0.000604
0.000606
0.000713
0.000654
0.000603
0.000643
0.000673
0.000685
0.000754
0.000999
0.001198
0.001799
0.000854
0.000692
0.000672
0.000649
0.000609
0.000650
0.000683
0.000686
0.000755
0.000868
0.001081
0.000763
0.000666
0.000666
0.000728
0.000871
0.000914
0.000755
0.000676
0.000645
0.000665
0.000671
0.000690
0.000670
0.000626
0.000668
0.000666
0.000883
0.000763
0.000754
0.000773
0.000752
0.000718
0.000748
0.000737
0.000704
0.000713
0.000805
0.000740
0.000756
0.001153
0.001644
0.001666
0.001028
0.000860
0.000838
0.000742
0.000671
0.000666
0.000687
0.000681
0.000690
0.000698
0.000655
0.000630
0.000828
0.001044
0.001184
0.001375
0.000805
0.000710
0.000667
0.000668
0.000643
0.000680
0.000699
0.000734
0.000716
0.000826
0.000774
0.000807
0.000799
0.000710
0.000690
0.000736
0.000720
0.000699
0.000732
0.000714
0.000662
0.000932
0.001832
0.001701
0.000943
0.000811
0.000698
0.000787
0.000728
0.000729
0.000707
0.000693
0.000743
0.000879
0.000960
0.001023
0.000867
0.000751
0.000695
0.000848
0.000991
0.001083
0.000838
0.000888
0.000805
0.000862
0.001089
0.000953
0.000883
0.000740
0.000676
0.000675
0.000634
0.000647
0.000763
0.000767
0.000845
0.000737
0.000730
0.000988
0.001644
0.001466
0.001177
0.000795
0.000717
0.000727
0.000846
0.000752
0.000801
0.000790
0.000773
0.000752
0.000689
0.000727
0.000693
0.000660
0.000811
0.000828
0.000832
0.000766
0.000754
0.000786
0.000787
0.000853
0.000887
0.000894
0.000893
0.000888
0.000817
0.000784
0.000789
0.000793
0.000809
0.000792
0.000765
0.000762
0.000745
0.000909
0.001013
0.001444
0.001926
0.001014
0.000828
0.000804
0.000924
0.000889
0.000771
0.000749
0.000815
0.000760
0.000790
0.000772
0.000746
0.000779
0.000878
0.000844
0.000823
0.000837
0.000756
0.000820
0.000758
0.000771
0.000792
0.000764
0.000909
0.000900
0.000783
0.000777
0.000713
0.000847
0.000819
0.000768
0.000739
0.000679
0.000738
0.000738
0.000742
0.000749
0.001036
0.001590
0.001619
0.001148
0.000924
0.000829
0.000784
0.000780
0.000744
0.000755
0.000814
0.000808
0.000757
0.000701
0.000800
0.000776
0.000739
0.000760
0.000745
0.000780
0.000772
0.000739
0.000726
0.000784
0.000829
0.000791
0.000850
0.000901
0.000799
0.000867
0.000964
0.000901
0.000879
0.000881
0.000893
0.000849
0.000848
0.000813
0.000970
0.001543
0.001714
0.001016
0.000826
0.000810
0.000873
0.000855
0.000841
0.000833
0.000855
0.000841
0.000793
0.000806
0.000821
0.000784
0.000777
0.000785
0.000835
0.000993
0.000984
0.001099
0.001061
0.000949
0.000844
0.000905
0.000846
0.000767
0.000748
0.000815
0.000838
0.001016
0.000872
0.000820
0.000832
0.000801
0.000769
0.000862
0.001407
0.001697
0.001216
0.000887
0.000926
0.001044
0.000913
0.000812
0.000815
0.000806
0.000757
0.000766
0.000848
0.000878
0.000844
0.000812
0.000838
0.000858
0.000865
0.000840
0.000831
0.000776
0.000761
0.000789
0.000894
0.000903
0.000815
0.000763
0.000772
0.000796
0.000805
0.000778
0.000795
0.000823
0.000801
0.000801
0.000920
0.001258
0.001740
0.001542
0.001085
0.000979
0.000902
0.000839
0.000796
0.000838
0.000791
0.000834
0.000909
0.000969
0.000854
0.000807
0.000791
0.000875
0.000987
0.001036
0.000953
0.000839
0.000896
0.000901
0.000888
0.001036
0.000854
0.000894
0.000880
0.000824
0.000790
0.000845
0.000825
0.000823
0.000818
0.000781
0.000883
0.000918
0.001270
0.002128
0.001209
0.000914
0.000975
0.000913
0.000884
0.000862
0.000853
0.000883
0.000913
0.000910
0.001034
0.000938
0.000942
0.000922
0.000927
0.000913
0.000951
0.000907
0.000873
0.000881
0.000895
0.000950
0.000924
0.000890
0.000897
0.000984
0.000920
0.000931
0.000921
0.000892
0.000884
0.001023
0.001472
0.001895
0.001165
0.000995
0.000916
0.000945
0.000915
0.000908
0.000908
0.000897
0.000866
0.000858
0.000926
0.000978
0.001015
0.001007
0.000955
0.000952
0.000996
0.001074
0.000910
0.000878
0.000871
0.000866
0.000904
0.000916
0.000866
0.000835
0.000812
0.000836
0.000848
0.000882
0.000859
0.000930
0.001295
0.001769
0.001510
0.000953
0.000885
0.000835
0.000838
0.000866
0.000862
0.000878
0.000967
0.000870
0.000951
0.000868
0.000874
0.000912
0.000905
0.000846
0.000871
0.000851
0.001008
0.001050
0.001065
0.000955
0.000927
0.000851
0.000847
0.000904
0.000891
0.000853
0.000846
0.000836
0.000878
0.003283
0.001708
0.001019
0.000984
0.001010
0.001078
0.001033
0.000916
0.000915
0.000885
0.000901
0.000894
0.000849
0.000849
0.000839
0.000912
0.000895
0.000923
0.000888
0.000919
0.000975
0.000876
0.000915
0.001004
0.000987
0.001035
0.000903
0.000919
0.000897
0.000893
0.000911
0.000879
0.000837
0.000869
0.001129
0.001565
0.001837
0.001026
0.000937
0.000974
0.000918
0.001015
0.001049
0.004110
0.000972
0.000924
0.000953
0.000957
0.000876
0.000911
0.000870
0.000879
0.000900
0.000927
0.000941
0.000920
0.000975
0.001011
0.001042
0.001051
0.000983
0.000989
0.000895
0.000859
0.000901
0.001786
0.001822
0.001089
0.000944
0.000923
0.000904
0.000911
0.000965
0.000904
0.000967
0.001014
0.000988
0.000963
0.000920
0.000922
0.000917
0.000917
0.000913
0.000903
0.000924
0.000898
0.000924
0.000942
0.000993
0.000939
0.000888
0.000862
0.000895
0.000943
0.000953
0.000957
0.000946
0.001131
0.001608
0.001824
0.001105
0.000928
0.000891
0.000940
0.000965
0.000945
0.000928
0.000946
0.000904
0.000917
0.000914
0.000985
0.000950
0.000922
0.000907
0.000922
0.000912
0.000955
0.000912
0.000877
0.000837
0.000923
0.000886
0.000890
0.000899
0.000979
0.000923
0.000946
0.000962
0.000967
0.001025
0.001628
0.001891
0.001106
0.000999
0.001034
0.000991
0.000932
0.000924
0.000966
0.000971
0.000922
0.000921
0.000913
0.000961
0.001100
0.001010
0.000983
0.000975
0.000948
0.000902
0.000939
0.000970
0.000951
0.000954
0.000908
0.000938
0.001003
0.000964
0.000886
0.000917
0.000902
0.000906
0.000945
0.001416
0.001821
0.001446
0.001177
0.000959
0.000914
0.000904
0.000948
0.000926
0.000915
0.000938
0.000932
0.000970
0.000922
0.000915
0.000927
0.001051
0.000988
0.000940
0.000958
0.000948
0.001008
0.001014
0.000964
0.000988
0.000914
0.000924
0.000910
0.000967
0.000934
0.000948
0.000917
0.000941
0.001260
0.001907
0.001606
0.001017
0.000938
0.000973
0.000961
0.000944
