0.000141
0.000149
0.000168
0.000163
0.000173
0.000176
0.000192
0.000189
0.000184
0.000191
0.000192
0.000239
0.000199
0.000235
0.000206
0.000204
0.000222
0.000212
0.000208
0.000221
0.000229
0.000202
0.000206
0.000228
0.000220
0.000227
0.000221
0.000222
0.000232
0.000249
0.000227
0.000233
0.000227
0.000275
0.000233
0.000233
0.000229
0.000233
0.000226
0.000239
0.000231
0.000273
0.000238
0.000237
0.000241
0.000255
0.000255
0.000246
0.000244
0.000277
0.000246
0.000260
0.000238
0.000258
0.000242
0.000244
0.000248
0.000287
0.000244
0.000276
0.000268
0.001221
0.000319
0.000291
0.000303
0.000267
0.000257
0.000260
0.000272
0.000258
0.000248
0.000272
0.000272
0.000249
0.000245
0.000316
0.000255
0.000252
0.000262
0.000272
0.000251
0.000246
0.000262
0.000296
0.000260
0.000248
0.002635
0.000270
0.000286
0.000286
0.000271
0.000286
0.000293
0.000271
0.000276
0.000324
0.000280
0.000249
0.000265
0.000279
0.000286
0.000260
0.000333
0.000265
0.000272
0.000268
0.000288
0.000276
0.000267
0.000287
0.000263
0.000280
0.000261
0.000325
0.000271
0.000277
0.000291
0.000267
0.000271
0.000273
0.000286
0.000275
0.000296
0.000596
0.000309
0.000645
0.000381
0.000423
0.000393
0.000358
0.000369
0.000336
0.000339
0.002030
0.000361
0.000369
0.001702
0.000386
0.000333
0.000325
0.000330
0.000304
0.000309
0.000328
0.000298
0.000337
0.000459
0.000399
0.000408
0.000406
0.000398
0.000375
0.000354
0.000353
0.000521
0.000780
0.000577
0.000498
0.000421
0.000414
0.000386
0.000372
0.000444
0.000373
0.000407
0.000391
0.000459
0.000370
0.000378
0.000497
0.000829
0.000690
0.000533
0.000502
0.000499
0.000402
0.000444
0.000376
0.000414
0.000388
0.000357
0.000384
0.000350
0.000462
0.000465
0.000472
0.000426
0.000446
0.000467
0.000414
0.000547
0.000515
0.000506
0.000494
0.000494
0.000523
0.000513
0.000545
0.000598
0.000514
0.000480
0.000588
0.000468
0.000497
0.000433
0.000486
0.000409
0.000531
0.000448
0.000469
0.000417
0.000449
0.000433
0.000451
0.000541
0.000595
0.000481
0.000490
0.000492
0.000487
0.000454
0.000469
0.000526
0.000645
0.000559
0.000649
0.000617
0.000558
0.000594
0.000498
0.000587
0.000507
0.000509
0.000511
0.000464
0.000468
0.000466
0.000440
0.000522
0.000436
0.000475
0.000426
0.000503
0.000456
0.000493
0.000452
0.000548
0.000452
0.000518
0.000450
0.000509
0.000440
0.000502
0.000452
0.000504
0.000482
0.000622
0.000529
0.000604
0.000609
0.000531
0.000536
0.000505
0.000569
0.000517
0.000605
0.000514
0.000511
0.000510
0.000468
0.000487
0.000450
0.000532
0.000525
0.000526
0.000495
0.000506
0.000503
0.000528
0.000481
0.000555
0.000467
0.000487
0.000464
0.000494
0.000446
0.000517
0.000488
0.000514
0.000470
0.000529
0.000481
0.000583
0.000524
0.000597
0.000555
0.000495
0.000522
0.000471
0.000522
0.000484
0.000553
0.000519
0.000511
0.000451
0.000550
0.000570
0.000620
0.000673
0.000570
0.000688
0.000660
0.000562
0.000624
0.000718
0.000611
0.000635
0.000600
0.000549
0.000560
0.000541
0.000638
0.000568
0.000565
0.000644
0.000542
0.000621
0.000595
0.000615
0.000622
0.000563
0.000603
0.000602
0.000610
0.000686
0.000613
0.000612
0.000603
0.000545
0.000569
0.000546
0.000696
0.000631
0.000617
0.000682
0.000624
0.000585
0.000624
0.000649
0.000584
0.000598
0.000616
0.000596
0.000667
0.000633
0.000582
0.000590
0.000574
0.000634
0.000616
0.000670
0.000702
0.000660
0.000610
0.000642
0.000631
0.000579
0.000676
0.000659
0.000612
0.000660
0.000661
0.000623
0.000714
0.000687
0.000637
0.000647
0.000673
0.000619
0.000691
0.000700
0.000901
0.001030
0.000882
0.000690
0.000737
0.000663
0.000612
0.000717
0.000683
0.000644
0.000639
0.000670
0.000620
0.000615
0.000625
0.000572
0.000656
0.000644
0.000605
0.000635
0.000668
0.000634
0.000671
0.000646
0.000632
0.000710
0.000676
0.000606
0.000625
0.000672
0.000630
0.000624
0.000624
0.000637
0.000725
0.000646
0.000618
0.000624
0.000625
0.000629
0.000722
0.000643
0.000636
0.000689
0.000713
0.000600
0.000703
0.000623
0.000633
0.000633
0.000673
0.000640
0.000763
0.000759
0.000713
0.000657
0.000703
0.000773
0.000688
0.000693
0.000692
0.000663
0.000684
0.000751
0.000687
0.000618
0.000732
0.000743
0.000756
0.000681
0.000708
0.000690
0.000612
0.000661
0.000727
0.000650
0.000649
0.000654
0.000677
0.000646
0.000709
0.000688
0.000627
0.000730
0.000683
0.000687
0.000716
0.000719
0.000724
0.000652
0.000658
0.000716
0.000696
0.000742
0.000695
0.000725
0.000673
0.000695
0.000753
0.000714
0.000715
0.000718
0.000687
0.000637
0.000745
0.000684
0.000722
0.000659
0.000691
0.000729
0.000661
0.000764
0.000741
0.000732
0.000730
0.000766
0.000744
0.000713
0.000689
0.001392
0.000730
0.000737
0.000788
0.000731
0.000742
0.000701
0.000792
0.000747
0.000679
0.000684
0.000713
0.000696
0.000632
0.000688
0.000667
0.000628
0.000715
0.000761
0.000702
0.000650
0.000730
0.000815
0.000708
0.000677
0.000696
0.000682
0.000684
0.000734
0.000703
0.000792
0.000678
0.000685
0.000756
0.000709
0.000703
0.000764
0.000708
0.000722
0.000661
0.000756
0.000740
0.000683
0.000679
0.000708
0.000782
0.000694
0.000760
0.000717
0.000732
0.000750
0.000830
0.000735
0.000804
0.000764
0.000726
0.000801
0.000726
0.000770
0.000758
0.000794
0.000835
0.000791
0.000746
0.000697
0.000654
0.000781
0.000727
0.000679
0.000723
0.000730
0.000779
0.000715
0.000765
0.000752
0.000736
0.000663
0.000804
0.000825
0.000722
0.000713
0.000697
0.000711
0.000729
0.000648
0.000753
0.000746
0.000885
0.000790
0.000737
0.000719
0.000728
0.000685
0.000814
0.000720
0.000734
0.000727
0.000715
0.000720
0.000792
0.001132
0.001268
0.000704
0.000707
0.000633
0.000667
0.000634
0.000600
0.000751
0.000809
0.000764
0.000686
0.000740
0.000885
0.000941
0.000735
0.000689
0.000700
0.000643
0.000757
0.000666
0.000675
0.000697
0.000723
0.000743
0.000706
0.000691
0.000674
0.000670
0.000714
0.000639
0.000614
0.000650
0.000704
0.000640
0.000882
0.001035
0.001025
0.001235
0.000802
0.000723
0.000758
0.000671
0.000634
0.000687
0.000687
0.000624
0.000645
0.000637
0.000691
0.000678
0.000686
0.000815
0.000800
0.000716
0.000689
0.000701
0.000693
0.000680
0.000688
0.000700
0.000686
0.000664
0.000713
0.000710
0.000735
0.000715
0.000742
0.000756
0.000751
0.000730
0.000721
0.000688
0.000682
0.000707
0.000705
0.000650
0.000701
0.000683
0.000689
0.000702
0.000718
0.000834
0.000769
0.000741
0.000673
0.000745
0.000718
0.000661
0.000652
0.000683
0.000692
0.000653
0.000672
0.000689
0.000671
0.000710
0.000863
0.000847
0.000753
0.000664
0.000682
0.000666
0.000672
0.000722
0.000647
0.000667
0.000666
0.000737
0.000741
0.000650
0.000707
0.000711
0.000685
0.000745
0.000689
0.000698
0.000662
0.000666
0.000711
0.000681
0.000753
0.000722
0.000749
0.000708
0.000825
0.000801
0.000890
0.000708
0.000701
0.000739
0.000774
0.000763
0.000768
0.000791
0.000846
0.000853
0.000765
0.000743
0.000730
0.000730
0.000706
0.000717
0.000690
0.000717
0.000801
0.000775
0.000710
0.000683
0.000711
0.000699
0.000752
0.000772
0.000708
0.000718
0.000681
0.000680
0.000762
0.000712
0.000728
0.000665
0.000700
0.000746
0.000702
0.000749
0.000687
0.000712
0.000749
0.000754
0.000733
0.000696
0.000691
0.000755
0.000743
0.000650
0.000771
0.000761
0.000829
0.000761
0.000728
0.000701
0.000809
0.000860
0.000766
0.000796
0.000706
0.000714
0.000705
0.000715
0.000707
0.000770
0.000699
0.000718
0.000720
0.000734
0.000750
0.000772
0.000730
0.000713
0.000722
0.000721
0.000795
0.000706
0.000767
0.000740
0.000811
0.000900
0.000761
0.000769
0.000793
0.000720
0.000746
0.000675
0.000732
0.000754
0.000749
0.000691
0.000797
0.000723
0.000782
0.000735
0.000732
0.000733
0.000695
0.000698
0.000709
0.000780
0.000774
0.000767
0.000809
0.000801
0.000784
0.000829
0.000718
0.000764
0.000717
0.000742
0.000719
0.000754
0.000722
0.000728
0.000750
0.000701
0.000727
0.000733
0.000716
0.000804
0.000802
0.000746
0.000779
0.000719
0.000737
0.000737
0.000785
0.000698
0.000781
0.000853
0.000774
0.000771
0.000862
0.000798
0.000759
0.000708
0.000750
0.000786
0.000725
0.000723
0.000735
0.000758
0.000832
0.000798
0.000792
0.000774
0.000791
0.000733
0.000726
0.000718
0.000732
0.000734
0.000742
0.000725
0.000767
0.000718
0.000794
0.000802
0.000772
0.000856
0.000765
0.000775
0.000798
0.000719
0.000840
0.000815
0.000781
0.000744
0.000746
0.000790
0.000841
0.000882
0.000860
0.000801
0.000764
0.000768
0.000761
0.000773
0.000737
0.000712
0.000893
0.000800
0.000747
0.000866
0.000874
0.000809
0.000802
0.000782
0.000738
0.000825
0.000744
0.000773
0.000776
0.000803
0.000852
0.000784
0.000906
0.000841
0.000898
0.000834
0.000899
0.000837
0.000878
0.000823
0.000802
0.000883
0.000851
0.000824
0.000899
0.000914
0.000921
0.000845
0.000788
0.000857
0.000760
0.000794
0.000801
0.000774
0.000733
0.000848
0.000852
0.000969
0.000941
0.000908
0.000892
0.000889
0.000875
0.000776
0.000896
0.000824
0.000889
0.000921
0.000855
0.000839
0.000878
0.000865
0.000768
0.000798
0.000768
0.000747
0.000764
0.000782
0.000808
0.000768
0.000765
0.000751
0.000817
0.000828
0.000856
0.000869
0.000823
0.000813
0.000798
0.000807
0.000796
0.000802
0.000852
0.000795
0.000841
0.000771
0.000805
0.000804
0.000792
0.000774
0.000775
0.000790
0.000766
0.000746
0.000775
0.000966
0.000839
0.000792
0.000806
